   10:01.000   150250     (    0    0    0
   10:01.044   150261     p    0    0    0
   10:01.088   150272     )    0    0    0
   10:01.132   150283     (    0    0    1
   10:01.208   150302     N    0    0    1
   10:01.248   150312     )    0    0    1
   10:01.416   150354     t    0    0    0
   10:01.512   150378     )    0    0    2
   10:01.604   150401     u    0    0    0
   10:01.672   150418     )    0    0    3
   10:01.964   150491     (    0    0    0
   10:02.008   150502     p    0    0    0
   10:02.040   150510     )    0    0    0
   10:02.096   150524     (    0    0    1
   10:02.168   150542     N    0    0    1
   10:02.216   150554     )    0    0    1
   10:02.372   150593     t    0    0    0
   10:02.472   150618     )    0    0    2
   10:02.528   150632     u    0    0    0
   10:02.640   150660     )    0    0    3
   10:02.864   150716     (    0    0    0
   10:02.904   150726     p    0    0    0
   10:02.940   150735     )    0    0    0
   10:02.996   150749     (    0    0    1
   10:03.072   150768     N    0    0    1
   10:03.112   150778     )    0    0    1
   10:03.272   150818     t    0    0    0
   10:03.388   150847     )    0    0    2
   10:03.476   150869     u    0    0    0
   10:03.548   150887     )    0    0    3
   10:03.760   150940     (    0    0    0
   10:03.804   150951     p    0    0    0
   10:03.852   150963     )    0    0    0
   10:03.892   150973     (    0    0    1
   10:03.964   150991     N    0    0    1
   10:04.008   151002     )    0    0    1
   10:04.160   151040     t    0    0    0
   10:04.272   151068     )    0    0    2
   10:04.360   151090     u    0    0    0
   10:04.440   151110     )    0    0    3
   10:04.632   151158     (    0    0    0
   10:04.680   151170     p    0    0    0
   10:04.708   151177     )    0    0    0
   10:04.772   151193     (    0    0    1
   10:04.840   151210     N    0    0    1
   10:04.888   151222     )    0    0    1
   10:05.044   151261     t    0    0    0
   10:05.140   151285     )    0    0    2
   10:05.204   151301     u    0    0    0
   10:05.272   151318     )    0    0    3
   10:05.468   151367     (    0    0    0
   10:05.508   151377     p    0    0    0
   10:05.536   151384     )    0    0    0
   10:05.600   151400     (    0    0    1
   10:05.672   151418     N    0    0    1
   10:05.716   151429     )    0    0    1
   10:05.872   151468     t    0    0    0
   10:05.972   151493     )    0    0    2
   10:06.052   151513     u    0    0    0
   10:06.128   151532     )    0    0    3
   10:06.300   151575     (    0    0    0
   10:06.352   151588     p    0    0    0
   10:06.388   151597     )    0    0    0
   10:06.436   151609     (    0    0    1
   10:06.508   151627     N    0    0    1
   10:06.552   151638     )    0    0    1
   10:06.708   151677     t    0    0    0
   10:06.828   151707     )    0    0    2
   10:06.904   151726     u    0    0    0
   10:06.996   151749     )    0    0    3
   10:07.236   151809     (    0    0    0
   10:07.292   151823     p    0    0    0
   10:07.328   151832     )    0    0    0
   10:07.384   151846     (    0    0    1
   10:07.448   151862     N    0    0    1
   10:07.492   151873     )    0    0    1
   10:07.652   151913     t    0    0    0
   10:07.764   151941     )    0    0    2
   10:07.816   151954     u    0    0    0
   10:07.916   151979     )    0    0    3
   10:08.184   152046     (    0    0    0
   10:08.240   152060     p    0    0    0
   10:08.272   152068     )    0    0    0
   10:08.336   152084     (    0    0    1
   10:08.404   152101     N    0    0    1
   10:08.444   152111     )    0    0    1
   10:08.608   152152     t    0    0    0
   10:08.704   152176     )    0    0    2
   10:08.784   152196     u    0    0    0
   10:08.880   152220     )    0    0    3
   10:09.120   152280     (    0    0    0
   10:09.180   152295     p    0    0    0
   10:09.212   152303     )    0    0    0
   10:09.276   152319     (    0    0    1
   10:09.336   152334     N    0    0    1
   10:09.376   152344     )    0    0    1
   10:09.536   152384     t    0    0    0
   10:09.644   152411     )    0    0    2
   10:09.728   152432     u    0    0    0
   10:09.828   152457     )    0    0    3
   10:10.056   152514     (    0    0    0
   10:10.100   152525     p    0    0    0
   10:10.176   152544     )    0    0    0
   10:10.196   152549     (    0    0    1
   10:10.268   152567     N    0    0    1
   10:10.316   152579     )    0    0    1
   10:10.472   152618     t    0    0    0
   10:10.584   152646     )    0    0    2
   10:10.656   152664     u    0    0    0
   10:10.724   152681     )    0    0    3
   10:10.976   152744     (    0    0    0
   10:11.012   152753     p    0    0    0
   10:11.044   152761     )    0    0    0
   10:11.116   152779     (    0    0    1
   10:11.184   152796     N    0    0    1
   10:11.244   152811     )    0    0    1
   10:11.388   152847     t    0    0    0
   10:11.476   152869     )    0    0    2
   10:11.560   152890     u    0    0    0
   10:11.656   152914     )    0    0    3
   10:11.840   152960     (    0    0    0
   10:11.896   152974     p    0    0    0
   10:11.920   152980     )    0    0    0
   10:11.980   152995     (    0    0    1
   10:12.052   153013     N    0    0    1
   10:12.104   153026     )    0    0    1
   10:12.256   153064     t    0    0    0
   10:12.352   153088     )    0    0    2
   10:12.444   153111     u    0    0    0
   10:12.528   153132     )    0    0    3
   10:12.728   153182     (    0    0    0
   10:12.784   153196     p    0    0    0
   10:12.844   153211     )    0    0    0
   10:12.876   153219     (    0    0    1
   10:12.944   153236     N    0    0    1
   10:12.992   153248     )    0    0    1
   10:13.120   153280     t    0    0    0
   10:13.244   153311     )    0    0    2
   10:13.328   153332     u    0    0    0
   10:13.392   153348     )    0    0    3
   10:13.672   153418     (    0    0    0
   10:13.724   153431     p    0    0    0
   10:13.768   153442     )    0    0    0
   10:13.808   153452     (    0    0    1
   10:13.876   153469     N    0    0    1
   10:13.916   153479     )    0    0    1
   10:14.060   153515     t    0    0    0
   10:14.188   153547     )    0    0    2
   10:14.248   153562     u    0    0    0
   10:14.340   153585     )    0    0    3
   10:14.572   153643     (    0    0    0
   10:14.628   153657     p    0    0    0
   10:14.660   153665     )    0    0    0
   10:14.716   153679     (    0    0    1
   10:14.784   153696     N    0    0    1
   10:14.820   153705     )    0    0    1
   10:14.980   153745     t    0    0    0
   10:15.092   153773     )    0    0    2
   10:15.168   153792     u    0    0    0
   10:15.248   153812     )    0    0    3
   10:15.472   153868     (    0    0    0
   10:15.508   153877     p    0    0    0
   10:15.556   153889     )    0    0    0
   10:15.620   153905     (    0    0    1
   10:15.668   153917     N    0    0    1
   10:15.704   153926     )    0    0    1
   10:15.868   153967     t    0    0    0
   10:15.984   153996     )    0    0    2
   10:16.060   154015     u    0    0    0
   10:16.148   154037     )    0    0    3
   10:16.364   154091     (    0    0    0
   10:16.428   154107     p    0    0    0
   10:16.464   154116     )    0    0    0
   10:16.512   154128     (    0    0    1
   10:16.584   154146     N    0    0    1
   10:16.624   154156     )    0    0    1
   10:16.788   154197     t    0    0    0
   10:16.888   154222     )    0    0    2
   10:16.996   154249     u    0    0    0
   10:17.072   154268     )    0    0    3
   10:17.280   154320     (    0    0    0
   10:17.352   154338     p    0    0    0
   10:17.392   154348     )    0    0    0
   10:17.444   154361     (    0    0    1
   10:17.500   154375     N    0    0    1
   10:17.548   154387     )    0    0    1
   10:17.692   154423     t    0    0    0
   10:17.800   154450     )    0    0    2
   10:17.876   154469     u    0    0    0
   10:17.988   154497     )    0    0    3
   10:18.156   154539     (    0    0    0
   10:18.216   154554     p    0    0    0
   10:18.256   154564     )    0    0    0
   10:18.324   154581     (    0    0    1
   10:18.380   154595     N    0    0    1
   10:18.432   154608     )    0    0    1
   10:18.580   154645     t    0    0    0
   10:18.712   154678     )    0    0    2
   10:18.788   154697     u    0    0    0
   10:18.856   154714     )    0    0    3
   10:19.076   154769     (    0    0    0
   10:19.132   154783     p    0    0    0
   10:19.160   154790     )    0    0    0
   10:19.220   154805     (    0    0    1
   10:19.296   154824     N    0    0    1
   10:19.344   154836     )    0    0    1
   10:19.500   154875     t    0    0    0
   10:19.592   154898     )    0    0    2
   10:19.708   154927     u    0    0    0
   10:19.760   154940     )    0    0    3
   10:20.048   155012     (    0    0    0
   10:20.092   155023     p    0    0    0
   10:20.116   155029     )    0    0    0
   10:20.180   155045     (    0    0    1
   10:20.248   155062     N    0    0    1
   10:20.308   155077     )    0    0    1
   10:20.456   155114     t    0    0    0
   10:20.564   155141     )    0    0    2
   10:20.648   155162     u    0    0    0
   10:20.724   155181     )    0    0    3
   10:20.924   155231     (    0    0    0
   10:20.996   155249     p    0    0    0
   10:21.024   155256     )    0    0    0
   10:21.076   155269     (    0    0    1
   10:21.148   155287     N    0    0    1
   10:21.204   155301     )    0    0    1
   10:21.352   155338     t    0    0    0
   10:21.444   155361     )    0    0    2
   10:21.540   155385     u    0    0    0
   10:21.584   155396     )    0    0    3
   10:21.804   155451     (    0    0    0
   10:21.844   155461     p    0    0    0
   10:21.888   155472     )    0    0    0
   10:21.952   155488     (    0    0    1
   10:22.024   155506     N    0    0    1
   10:22.064   155516     )    0    0    1
   10:22.216   155554     t    0    0    0
   10:22.332   155583     )    0    0    2
   10:22.412   155603     u    0    0    0
   10:22.504   155626     )    0    0    3
   10:22.792   155698     (    0    0    0
   10:22.836   155709     p    0    0    0
   10:22.864   155716     )    0    0    0
   10:22.932   155733     (    0    0    1
   10:23.000   155750     N    0    0    1
   10:23.052   155763     )    0    0    1
   10:23.220   155805     t    0    0    0
   10:23.308   155827     )    0    0    2
   10:23.388   155847     u    0    0    0
   10:23.460   155865     )    0    0    3
   10:23.804   155951     (    0    0    0
   10:23.852   155963     p    0    0    0
   10:23.888   155972     )    0    0    0
   10:23.948   155987     (    0    0    1
   10:24.012   156003     N    0    0    1
   10:24.060   156015     )    0    0    1
   10:24.228   156057     t    0    0    0
   10:24.312   156078     )    0    0    2
   10:24.404   156101     u    0    0    0
   10:24.480   156120     )    0    0    3
   10:24.772   156193     (    0    0    0
   10:24.804   156201     p    0    0    0
   10:24.868   156217     )    0    0    0
   10:24.892   156223     (    0    0    1
   10:24.968   156242     N    0    0    1
   10:25.016   156254     )    0    0    1
   10:25.224   156306     t    0    0    0
   10:25.280   156320     )    0    0    2
   10:25.364   156341     u    0    0    0
   10:25.448   156362     )    0    0    3
   10:25.656   156414     (    0    0    0
   10:25.716   156429     p    0    0    0
   10:25.768   156442     )    0    0    0
   10:25.808   156452     (    0    0    1
   10:25.876   156469     N    0    0    1
   10:25.924   156481     )    0    0    1
   10:26.072   156518     t    0    0    0
   10:26.172   156543     )    0    0    2
   10:26.264   156566     u    0    0    0
   10:26.336   156584     )    0    0    3
   10:26.540   156635     (    0    0    0
   10:26.580   156645     p    0    0    0
   10:26.608   156652     )    0    0    0
   10:26.664   156666     (    0    0    1
   10:26.740   156685     N    0    0    1
   10:26.792   156698     )    0    0    1
   10:26.940   156735     t    0    0    0
   10:27.032   156758     )    0    0    2
   10:27.116   156779     u    0    0    0
   10:27.216   156804     )    0    0    3
   10:27.368   156842     (    0    0    0
   10:27.428   156857     p    0    0    0
   10:27.464   156866     )    0    0    0
   10:27.520   156880     (    0    0    1
   10:27.588   156897     N    0    0    1
   10:27.648   156912     )    0    0    1
   10:27.788   156947     t    0    0    0
   10:27.896   156974     )    0    0    2
   10:27.992   156998     u    0    0    0
   10:28.064   157016     )    0    0    3
