   10:01.032   150258     (    0    0    0
   10:01.080   150270     p    0    0    0
   10:01.136   150284     )    0    0    0
   10:01.168   150292     (    0    0    1
   10:01.232   150308     N    0    0    1
   10:01.256   150314     )    0    0    1
   10:01.492   150373     t    0    0    0
   10:01.548   150387     )    0    0    2
   10:01.864   150466     (    0    0    0
   10:01.900   150475     p    0    0    0
   10:01.960   150490     )    0    0    0
   10:01.992   150498     (    0    0    1
   10:02.056   150514     N    0    0    1
   10:02.076   150519     )    0    0    1
   10:02.312   150578     t    0    0    0
   10:02.372   150593     )    0    0    2
   10:02.716   150679     (    0    0    0
   10:02.748   150687     p    0    0    0
   10:02.792   150698     )    0    0    0
   10:02.840   150710     (    0    0    1
   10:02.900   150725     N    0    0    1
   10:02.924   150731     )    0    0    1
   10:03.160   150790     t    0    0    0
   10:03.224   150806     )    0    0    2
   10:03.536   150884     (    0    0    0
   10:03.568   150892     p    0    0    0
   10:03.608   150902     )    0    0    0
   10:03.648   150912     (    0    0    1
   10:03.712   150928     N    0    0    1
   10:03.740   150935     )    0    0    1
   10:03.976   150994     t    0    0    0
   10:04.032   151008     )    0    0    2
   10:04.360   151090     (    0    0    0
   10:04.388   151097     p    0    0    0
   10:04.428   151107     )    0    0    0
   10:04.460   151115     (    0    0    1
   10:04.528   151132     N    0    0    1
   10:04.552   151138     )    0    0    1
   10:04.792   151198     t    0    0    0
   10:04.848   151212     )    0    0    2
   10:05.148   151287     (    0    0    0
   10:05.172   151293     p    0    0    0
   10:05.224   151306     )    0    0    0
   10:05.268   151317     (    0    0    1
   10:05.320   151330     N    0    0    1
   10:05.360   151340     )    0    0    1
   10:05.584   151396     t    0    0    0
   10:05.648   151412     )    0    0    2
   10:05.904   151476     (    0    0    0
   10:05.956   151489     p    0    0    0
   10:06.004   151501     )    0    0    0
   10:06.040   151510     (    0    0    1
   10:06.096   151524     N    0    0    1
   10:06.132   151533     )    0    0    1
   10:06.356   151589     t    0    0    0
   10:06.428   151607     )    0    0    2
   10:06.672   151668     (    0    0    0
   10:06.716   151679     p    0    0    0
   10:06.740   151685     )    0    0    0
   10:06.792   151698     (    0    0    1
   10:06.852   151713     N    0    0    1
   10:06.876   151719     )    0    0    1
   10:07.112   151778     t    0    0    0
   10:07.168   151792     )    0    0    2
   10:07.444   151861     (    0    0    0
   10:07.492   151873     p    0    0    0
   10:07.540   151885     )    0    0    0
   10:07.572   151893     (    0    0    1
   10:07.628   151907     N    0    0    1
   10:07.652   151913     )    0    0    1
   10:07.900   151975     t    0    0    0
   10:07.980   151995     )    0    0    2
   10:08.288   152072     (    0    0    0
   10:08.308   152077     p    0    0    0
   10:08.352   152088     )    0    0    0
   10:08.392   152098     (    0    0    1
   10:08.444   152111     N    0    0    1
   10:08.468   152117     )    0    0    1
   10:08.704   152176     t    0    0    0
   10:08.760   152190     )    0    0    2
   10:09.096   152274     (    0    0    0
   10:09.112   152278     p    0    0    0
   10:09.156   152289     )    0    0    0
   10:09.192   152298     (    0    0    1
   10:09.248   152312     N    0    0    1
   10:09.276   152319     )    0    0    1
   10:09.508   152377     t    0    0    0
   10:09.564   152391     )    0    0    2
   10:09.908   152477     (    0    0    0
   10:09.944   152486     p    0    0    0
   10:09.996   152499     )    0    0    0
   10:10.048   152512     (    0    0    1
   10:10.092   152523     N    0    0    1
   10:10.132   152533     )    0    0    1
   10:10.348   152587     t    0    0    0
   10:10.412   152603     )    0    0    2
   10:10.792   152698     (    0    0    0
   10:10.828   152707     p    0    0    0
   10:10.884   152721     )    0    0    0
   10:10.904   152726     (    0    0    1
   10:10.964   152741     N    0    0    1
   10:10.988   152747     )    0    0    1
   10:11.224   152806     t    0    0    0
   10:11.288   152822     )    0    0    2
   10:11.628   152907     (    0    0    0
   10:11.676   152919     p    0    0    0
   10:11.728   152932     )    0    0    0
   10:11.760   152940     (    0    0    1
   10:11.816   152954     N    0    0    1
   10:11.844   152961     )    0    0    1
   10:12.084   153021     t    0    0    0
   10:12.136   153034     )    0    0    2
   10:12.500   153125     (    0    0    0
   10:12.548   153137     p    0    0    0
   10:12.588   153147     )    0    0    0
   10:12.628   153157     (    0    0    1
   10:12.684   153171     N    0    0    1
   10:12.708   153177     )    0    0    1
   10:12.948   153237     t    0    0    0
   10:13.008   153252     )    0    0    2
   10:13.364   153341     (    0    0    0
   10:13.404   153351     p    0    0    0
   10:13.472   153368     )    0    0    0
   10:13.492   153373     (    0    0    1
   10:13.560   153390     N    0    0    1
   10:13.592   153398     )    0    0    1
   10:13.828   153457     t    0    0    0
   10:13.880   153470     )    0    0    2
   10:14.188   153547     (    0    0    0
   10:14.232   153558     p    0    0    0
   10:14.284   153571     )    0    0    0
   10:14.316   153579     (    0    0    1
   10:14.384   153596     N    0    0    1
   10:14.412   153603     )    0    0    1
   10:14.652   153663     t    0    0    0
   10:14.700   153675     )    0    0    2
   10:15.008   153752     (    0    0    0
   10:15.052   153763     p    0    0    0
   10:15.104   153776     )    0    0    0
   10:15.140   153785     (    0    0    1
   10:15.196   153799     N    0    0    1
   10:15.224   153806     )    0    0    1
   10:15.460   153865     t    0    0    0
   10:15.524   153881     )    0    0    2
   10:15.824   153956     (    0    0    0
   10:15.876   153969     p    0    0    0
   10:15.936   153984     )    0    0    0
   10:15.972   153993     (    0    0    1
   10:16.024   154006     N    0    0    1
   10:16.052   154013     )    0    0    1
   10:16.288   154072     t    0    0    0
   10:16.352   154088     )    0    0    2
   10:16.664   154166     (    0    0    0
   10:16.700   154175     p    0    0    0
   10:16.744   154186     )    0    0    0
   10:16.776   154194     (    0    0    1
   10:16.836   154209     N    0    0    1
   10:16.864   154216     )    0    0    1
   10:17.096   154274     t    0    0    0
   10:17.164   154291     )    0    0    2
   10:17.452   154363     (    0    0    0
   10:17.492   154373     p    0    0    0
   10:17.532   154383     )    0    0    0
   10:17.564   154391     (    0    0    1
   10:17.628   154407     N    0    0    1
   10:17.680   154420     )    0    0    1
   10:17.892   154473     t    0    0    0
   10:17.940   154485     )    0    0    2
   10:18.268   154567     (    0    0    0
   10:18.324   154581     p    0    0    0
   10:18.348   154587     )    0    0    0
   10:18.404   154601     (    0    0    1
   10:18.456   154614     N    0    0    1
   10:18.488   154622     )    0    0    1
   10:18.740   154685     t    0    0    0
   10:18.780   154695     )    0    0    2
   10:19.128   154782     (    0    0    0
   10:19.156   154789     p    0    0    0
   10:19.204   154801     )    0    0    0
   10:19.240   154810     (    0    0    1
   10:19.296   154824     N    0    0    1
   10:19.320   154830     )    0    0    1
   10:19.560   154890     t    0    0    0
   10:19.624   154906     )    0    0    2
   10:19.888   154972     (    0    0    0
   10:19.960   154990     p    0    0    0
   10:20.012   155003     )    0    0    0
   10:20.036   155009     (    0    0    1
   10:20.100   155025     N    0    0    1
   10:20.132   155033     )    0    0    1
   10:20.360   155090     t    0    0    0
   10:20.416   155104     )    0    0    2
   10:20.736   155184     (    0    0    0
   10:20.780   155195     p    0    0    0
   10:20.836   155209     )    0    0    0
   10:20.876   155219     (    0    0    1
   10:20.928   155232     N    0    0    1
   10:20.956   155239     )    0    0    1
   10:21.184   155296     t    0    0    0
   10:21.256   155314     )    0    0    2
   10:21.588   155397     (    0    0    0
   10:21.644   155411     p    0    0    0
   10:21.704   155426     )    0    0    0
   10:21.724   155431     (    0    0    1
   10:21.784   155446     N    0    0    1
   10:21.816   155454     )    0    0    1
   10:22.044   155511     t    0    0    0
   10:22.116   155529     )    0    0    2
   10:22.440   155610     (    0    0    0
   10:22.476   155619     p    0    0    0
   10:22.528   155632     )    0    0    0
   10:22.556   155639     (    0    0    1
   10:22.620   155655     N    0    0    1
   10:22.648   155662     )    0    0    1
   10:22.884   155721     t    0    0    0
   10:22.952   155738     )    0    0    2
   10:23.244   155811     (    0    0    0
   10:23.292   155823     p    0    0    0
   10:23.364   155841     )    0    0    0
   10:23.392   155848     (    0    0    1
   10:23.444   155861     N    0    0    1
   10:23.492   155873     )    0    0    1
   10:23.696   155924     t    0    0    0
   10:23.772   155943     )    0    0    2
   10:24.108   156027     (    0    0    0
   10:24.152   156038     p    0    0    0
   10:24.208   156052     )    0    0    0
   10:24.232   156058     (    0    0    1
   10:24.292   156073     N    0    0    1
   10:24.320   156080     )    0    0    1
   10:24.560   156140     t    0    0    0
   10:24.632   156158     )    0    0    2
   10:24.944   156236     (    0    0    0
   10:24.980   156245     p    0    0    0
   10:25.028   156257     )    0    0    0
   10:25.064   156266     (    0    0    1
   10:25.128   156282     N    0    0    1
   10:25.160   156290     )    0    0    1
   10:25.396   156349     t    0    0    0
   10:25.472   156368     )    0    0    2
