   10:01.960   150490     (    0    0    0
   10:02.000   150500     p    0    0    0
   10:02.056   150514     )    0    0    0
   10:02.108   150527     (    0    0    1
   10:02.160   150540     N    0    0    1
   10:02.208   150552     )    0    0    1
   10:02.308   150577     (    0    0    2
   10:02.452   150613     t    0    0    0
   10:02.544   150636     )    0    0    2
   10:02.964   150741     (    0    0    0
   10:03.016   150754     p    0    0    0
   10:03.076   150769     )    0    0    0
   10:03.132   150783     (    0    0    1
   10:03.180   150795     N    0    0    1
   10:03.236   150809     )    0    0    1
   10:03.320   150830     (    0    0    2
   10:03.468   150867     t    0    0    0
   10:03.564   150891     )    0    0    2
   10:04.240   151060     (    0    0    0
   10:04.296   151074     p    0    0    0
   10:04.348   151087     )    0    0    0
   10:04.388   151097     (    0    0    1
   10:04.440   151110     N    0    0    1
   10:04.484   151121     )    0    0    1
   10:04.580   151145     (    0    0    2
   10:04.740   151185     t    0    0    0
   10:04.840   151210     )    0    0    2
   10:05.496   151374     (    0    0    0
   10:05.548   151387     p    0    0    0
   10:05.596   151399     )    0    0    0
   10:05.652   151413     (    0    0    1
   10:05.704   151426     N    0    0    1
   10:05.760   151440     )    0    0    1
   10:05.860   151465     (    0    0    2
   10:06.008   151502     t    0    0    0
   10:06.096   151524     )    0    0    2
   10:06.720   151680     (    0    0    0
   10:06.780   151695     p    0    0    0
   10:06.836   151709     )    0    0    0
   10:06.884   151721     (    0    0    1
   10:06.940   151735     N    0    0    1
   10:06.976   151744     )    0    0    1
   10:07.072   151768     (    0    0    2
   10:07.240   151810     t    0    0    0
   10:07.340   151835     )    0    0    2
   10:07.884   151971     (    0    0    0
   10:07.940   151985     p    0    0    0
   10:08.016   152004     )    0    0    0
   10:08.048   152012     (    0    0    1
   10:08.096   152024     N    0    0    1
   10:08.140   152035     )    0    0    1
   10:08.240   152060     (    0    0    2
   10:08.392   152098     t    0    0    0
   10:08.488   152122     )    0    0    2
   10:09.072   152268     (    0    0    0
   10:09.140   152285     p    0    0    0
   10:09.184   152296     )    0    0    0
   10:09.240   152310     (    0    0    1
   10:09.292   152323     N    0    0    1
   10:09.352   152338     )    0    0    1
   10:09.464   152366     (    0    0    2
   10:09.588   152397     t    0    0    0
   10:09.692   152423     )    0    0    2
   10:10.344   152586     (    0    0    0
   10:10.384   152596     p    0    0    0
   10:10.444   152611     )    0    0    0
   10:10.496   152624     (    0    0    1
   10:10.544   152636     N    0    0    1
   10:10.588   152647     )    0    0    1
   10:10.836   152709     t    0    0    0
   10:10.924   152731     )    0    0    2
   10:11.552   152888     (    0    0    0
   10:11.604   152901     p    0    0    0
   10:11.676   152919     )    0    0    0
   10:11.716   152929     (    0    0    1
   10:11.768   152942     N    0    0    1
   10:11.816   152954     )    0    0    1
   10:11.944   152986     (    0    0    2
   10:12.060   153015     t    0    0    0
   10:12.156   153039     )    0    0    2
   10:12.672   153168     (    0    0    0
   10:12.716   153179     p    0    0    0
   10:12.776   153194     )    0    0    0
   10:12.824   153206     (    0    0    1
   10:12.872   153218     N    0    0    1
   10:12.928   153232     )    0    0    1
   10:13.012   153253     (    0    0    2
   10:13.160   153290     t    0    0    0
   10:13.252   153313     )    0    0    2
   10:13.820   153455     (    0    0    0
   10:13.880   153470     p    0    0    0
   10:13.924   153481     )    0    0    0
   10:13.968   153492     (    0    0    1
   10:14.024   153506     N    0    0    1
   10:14.068   153517     )    0    0    1
   10:14.160   153540     (    0    0    2
   10:14.324   153581     t    0    0    0
   10:14.408   153602     )    0    0    2
   10:15.012   153753     (    0    0    0
   10:15.096   153774     p    0    0    0
   10:15.144   153786     )    0    0    0
   10:15.200   153800     (    0    0    1
   10:15.248   153812     N    0    0    1
   10:15.296   153824     )    0    0    1
   10:15.388   153847     (    0    0    2
   10:15.548   153887     t    0    0    0
   10:15.628   153907     )    0    0    2
   10:16.268   154067     (    0    0    0
   10:16.308   154077     p    0    0    0
   10:16.360   154090     )    0    0    0
   10:16.404   154101     (    0    0    1
   10:16.460   154115     N    0    0    1
   10:16.504   154126     )    0    0    1
   10:16.604   154151     (    0    0    2
   10:16.756   154189     t    0    0    0
   10:16.856   154214     )    0    0    2
   10:17.352   154338     (    0    0    0
   10:17.432   154358     p    0    0    0
   10:17.488   154372     )    0    0    0
   10:17.548   154387     (    0    0    1
   10:17.584   154396     N    0    0    1
   10:17.620   154405     )    0    0    1
   10:17.712   154428     (    0    0    2
   10:17.864   154466     t    0    0    0
   10:17.964   154491     )    0    0    2
   10:18.620   154655     (    0    0    0
   10:18.668   154667     p    0    0    0
   10:18.732   154683     )    0    0    0
   10:18.768   154692     (    0    0    1
   10:18.820   154705     N    0    0    1
   10:18.848   154712     )    0    0    1
   10:18.956   154739     (    0    0    2
   10:19.120   154780     t    0    0    0
   10:19.220   154805     )    0    0    2
   10:19.888   154972     (    0    0    0
   10:19.952   154988     p    0    0    0
   10:20.012   155003     )    0    0    0
   10:20.048   155012     (    0    0    1
   10:20.096   155024     N    0    0    1
   10:20.144   155036     )    0    0    1
   10:20.236   155059     (    0    0    2
   10:20.388   155097     t    0    0    0
   10:20.500   155125     )    0    0    2
   10:21.140   155285     (    0    0    0
   10:21.196   155299     p    0    0    0
   10:21.228   155307     )    0    0    0
   10:21.304   155326     (    0    0    1
   10:21.340   155335     N    0    0    1
   10:21.396   155349     )    0    0    1
   10:21.476   155369     (    0    0    2
   10:21.640   155410     t    0    0    0
   10:21.732   155433     )    0    0    2
   10:22.284   155571     (    0    0    0
   10:22.332   155583     p    0    0    0
   10:22.392   155598     )    0    0    0
   10:22.448   155612     (    0    0    1
   10:22.492   155623     N    0    0    1
   10:22.544   155636     )    0    0    1
   10:22.624   155656     (    0    0    2
   10:22.784   155696     t    0    0    0
   10:22.884   155721     )    0    0    2
   10:23.484   155871     (    0    0    0
   10:23.544   155886     p    0    0    0
   10:23.604   155901     )    0    0    0
   10:23.636   155909     (    0    0    1
   10:23.696   155924     N    0    0    1
   10:23.748   155937     )    0    0    1
   10:23.836   155959     (    0    0    2
   10:23.992   155998     t    0    0    0
   10:24.084   156021     )    0    0    2
   10:24.724   156181     (    0    0    0
   10:24.800   156200     p    0    0    0
   10:24.860   156215     )    0    0    0
   10:24.912   156228     (    0    0    1
   10:24.956   156239     N    0    0    1
   10:25.020   156255     )    0    0    1
   10:25.124   156281     (    0    0    2
   10:25.264   156316     t    0    0    0
   10:25.388   156347     )    0    0    2
   10:25.980   156495     (    0    0    0
   10:26.044   156511     p    0    0    0
   10:26.112   156528     )    0    0    0
   10:26.148   156537     (    0    0    1
   10:26.200   156550     N    0    0    1
   10:26.252   156563     )    0    0    1
   10:26.348   156587     (    0    0    2
   10:26.496   156624     t    0    0    0
   10:26.592   156648     )    0    0    2
   10:27.148   156787     (    0    0    0
   10:27.184   156796     p    0    0    0
   10:27.244   156811     )    0    0    0
   10:27.296   156824     (    0    0    1
   10:27.352   156838     N    0    0    1
   10:27.408   156852     )    0    0    1
   10:27.484   156871     (    0    0    2
   10:27.644   156911     t    0    0    0
   10:27.748   156937     )    0    0    2
   10:28.340   157085     (    0    0    0
   10:28.416   157104     p    0    0    0
   10:28.472   157118     )    0    0    0
   10:28.520   157130     (    0    0    1
   10:28.572   157143     N    0    0    1
   10:28.616   157154     )    0    0    1
   10:28.732   157183     (    0    0    2
   10:28.880   157220     t    0    0    0
   10:28.968   157242     )    0    0    2
   10:29.644   157411     (    0    0    0
   10:29.704   157426     p    0    0    0
   10:29.764   157441     )    0    0    0
   10:29.796   157449     (    0    0    1
   10:29.852   157463     N    0    0    1
   10:29.892   157473     )    0    0    1
   10:29.992   157498     (    0    0    2
   10:30.164   157541     t    0    0    0
   10:30.268   157567     )    0    0    2
   10:30.884   157721     (    0    0    0
   10:30.940   157735     p    0    0    0
   10:30.984   157746     )    0    0    0
   10:31.040   157760     (    0    0    1
   10:31.096   157774     N    0    0    1
   10:31.132   157783     )    0    0    1
   10:31.280   157820     (    0    0    2
   10:31.400   157850     t    0    0    0
   10:31.492   157873     )    0    0    2
   10:32.040   158010     (    0    0    0
   10:32.100   158025     p    0    0    0
   10:32.132   158033     )    0    0    0
   10:32.168   158042     (    0    0    1
   10:32.236   158059     N    0    0    1
   10:32.284   158071     )    0    0    1
   10:32.396   158099     (    0    0    2
   10:32.528   158132     t    0    0    0
   10:32.632   158158     )    0    0    2
   10:33.272   158318     (    0    0    0
   10:33.332   158333     p    0    0    0
   10:33.384   158346     )    0    0    0
   10:33.428   158357     (    0    0    1
   10:33.484   158371     N    0    0    1
   10:33.524   158381     )    0    0    1
   10:33.632   158408     (    0    0    2
   10:33.772   158443     t    0    0    0
   10:33.868   158467     )    0    0    2
   10:34.520   158630     (    0    0    0
   10:34.576   158644     p    0    0    0
   10:34.616   158654     )    0    0    0
   10:34.664   158666     (    0    0    1
   10:34.724   158681     N    0    0    1
   10:34.764   158691     )    0    0    1
   10:34.844   158711     (    0    0    2
   10:35.032   158758     t    0    0    0
   10:35.100   158775     )    0    0    2
   10:35.728   158932     (    0    0    0
   10:35.780   158945     p    0    0    0
   10:35.828   158957     )    0    0    0
   10:35.868   158967     (    0    0    1
   10:35.932   158983     N    0    0    1
   10:36.000   159000     )    0    0    1
   10:36.084   159021     (    0    0    2
   10:36.216   159054     t    0    0    0
   10:36.308   159077     )    0    0    2
   10:36.824   159206     (    0    0    0
   10:36.864   159216     p    0    0    0
   10:36.912   159228     )    0    0    0
   10:36.988   159247     (    0    0    1
   10:37.024   159256     N    0    0    1
   10:37.068   159267     )    0    0    1
   10:37.176   159294     (    0    0    2
   10:37.316   159329     t    0    0    0
   10:37.396   159349     )    0    0    2
