   10:01.000   150250     (    0    0    0
   10:01.032   150258     p    0    0    0
   10:01.072   150268     )    0    0    0
   10:01.176   150294     (    0    0    1
   10:01.232   150308     N    0    0    1
   10:01.276   150319     )    0    0    1
   10:01.468   150367     t    0    0    0
   10:01.540   150385     )    0    0    2
   10:01.792   150448     (    0    0    0
   10:01.852   150463     p    0    0    0
   10:01.896   150474     )    0    0    0
   10:01.984   150496     (    0    0    1
   10:02.048   150512     N    0    0    1
   10:02.084   150521     )    0    0    1
   10:02.280   150570     t    0    0    0
   10:02.360   150590     )    0    0    2
   10:02.612   150653     (    0    0    0
   10:02.660   150665     p    0    0    0
   10:02.704   150676     )    0    0    0
   10:02.800   150700     (    0    0    1
   10:02.860   150715     N    0    0    1
   10:02.900   150725     )    0    0    1
   10:03.100   150775     t    0    0    0
   10:03.180   150795     )    0    0    2
   10:03.400   150850     (    0    0    0
   10:03.468   150867     p    0    0    0
   10:03.504   150876     )    0    0    0
   10:03.608   150902     (    0    0    1
   10:03.660   150915     N    0    0    1
   10:03.700   150925     )    0    0    1
   10:03.912   150978     t    0    0    0
   10:03.992   150998     )    0    0    2
   10:04.228   151057     (    0    0    0
   10:04.284   151071     p    0    0    0
   10:04.324   151081     )    0    0    0
   10:04.424   151106     (    0    0    1
   10:04.476   151119     N    0    0    1
   10:04.512   151128     )    0    0    1
   10:04.720   151180     t    0    0    0
   10:04.800   151200     )    0    0    2
   10:05.064   151266     (    0    0    0
   10:05.104   151276     p    0    0    0
   10:05.148   151287     )    0    0    0
   10:05.236   151309     (    0    0    1
   10:05.296   151324     N    0    0    1
   10:05.336   151334     )    0    0    1
   10:05.532   151383     t    0    0    0
   10:05.624   151406     )    0    0    2
   10:05.852   151463     (    0    0    0
   10:05.908   151477     p    0    0    0
   10:05.948   151487     )    0    0    0
   10:06.056   151514     (    0    0    1
   10:06.104   151526     N    0    0    1
   10:06.148   151537     )    0    0    1
   10:06.344   151586     t    0    0    0
   10:06.436   151609     )    0    0    2
   10:06.652   151663     (    0    0    0
   10:06.716   151679     p    0    0    0
   10:06.764   151691     )    0    0    0
   10:06.864   151716     (    0    0    1
   10:06.912   151728     N    0    0    1
   10:06.964   151741     )    0    0    1
   10:07.148   151787     t    0    0    0
   10:07.220   151805     )    0    0    2
   10:07.468   151867     (    0    0    0
   10:07.528   151882     p    0    0    0
   10:07.580   151895     )    0    0    0
   10:07.672   151918     (    0    0    1
   10:07.720   151930     N    0    0    1
   10:07.784   151946     )    0    0    1
   10:07.960   151990     t    0    0    0
   10:08.052   152013     )    0    0    2
   10:08.272   152068     (    0    0    0
   10:08.336   152084     p    0    0    0
   10:08.388   152097     )    0    0    0
   10:08.476   152119     (    0    0    1
   10:08.536   152134     N    0    0    1
   10:08.568   152142     )    0    0    1
   10:08.776   152194     t    0    0    0
   10:08.860   152215     )    0    0    2
   10:09.084   152271     (    0    0    0
   10:09.144   152286     p    0    0    0
   10:09.192   152298     )    0    0    0
   10:09.292   152323     (    0    0    1
   10:09.348   152337     N    0    0    1
   10:09.384   152346     )    0    0    1
   10:09.584   152396     t    0    0    0
   10:09.664   152416     )    0    0    2
   10:09.896   152474     (    0    0    0
   10:09.948   152487     p    0    0    0
   10:10.004   152501     )    0    0    0
   10:10.120   152530     (    0    0    1
   10:10.152   152538     N    0    0    1
   10:10.216   152554     )    0    0    1
   10:10.392   152598     t    0    0    0
   10:10.476   152619     )    0    0    2
   10:10.700   152675     (    0    0    0
   10:10.744   152686     p    0    0    0
   10:10.792   152698     )    0    0    0
   10:10.880   152720     (    0    0    1
   10:10.948   152737     N    0    0    1
   10:10.988   152747     )    0    0    1
   10:11.200   152800     t    0    0    0
   10:11.268   152817     )    0    0    2
   10:11.496   152874     (    0    0    0
   10:11.540   152885     p    0    0    0
   10:11.604   152901     )    0    0    0
   10:11.688   152922     (    0    0    1
   10:11.744   152936     N    0    0    1
   10:11.788   152947     )    0    0    1
   10:11.980   152995     t    0    0    0
   10:12.064   153016     )    0    0    2
   10:12.292   153073     (    0    0    0
   10:12.360   153090     p    0    0    0
   10:12.396   153099     )    0    0    0
   10:12.484   153121     (    0    0    1
   10:12.544   153136     N    0    0    1
   10:12.584   153146     )    0    0    1
   10:12.780   153195     t    0    0    0
   10:12.868   153217     )    0    0    2
   10:13.080   153270     (    0    0    0
   10:13.148   153287     p    0    0    0
   10:13.184   153296     )    0    0    0
   10:13.272   153318     (    0    0    1
   10:13.336   153334     N    0    0    1
   10:13.372   153343     )    0    0    1
   10:13.580   153395     t    0    0    0
   10:13.664   153416     )    0    0    2
   10:13.876   153469     (    0    0    0
   10:13.932   153483     p    0    0    0
   10:13.988   153497     )    0    0    0
   10:14.068   153517     (    0    0    1
   10:14.128   153532     N    0    0    1
   10:14.164   153541     )    0    0    1
   10:14.364   153591     t    0    0    0
   10:14.452   153613     )    0    0    2
   10:14.664   153666     (    0    0    0
   10:14.720   153680     p    0    0    0
   10:14.764   153691     )    0    0    0
   10:14.868   153717     (    0    0    1
   10:14.924   153731     N    0    0    1
   10:14.960   153740     )    0    0    1
   10:15.168   153792     t    0    0    0
   10:15.252   153813     )    0    0    2
   10:15.476   153869     (    0    0    0
   10:15.532   153883     p    0    0    0
   10:15.572   153893     )    0    0    0
   10:15.660   153915     (    0    0    1
   10:15.724   153931     N    0    0    1
   10:15.760   153940     )    0    0    1
   10:15.964   153991     t    0    0    0
   10:16.052   154013     )    0    0    2
   10:16.280   154070     (    0    0    0
   10:16.336   154084     p    0    0    0
   10:16.372   154093     )    0    0    0
   10:16.472   154118     (    0    0    1
   10:16.536   154134     N    0    0    1
   10:16.576   154144     )    0    0    1
   10:16.772   154193     t    0    0    0
   10:16.860   154215     )    0    0    2
   10:17.104   154276     (    0    0    0
   10:17.144   154286     p    0    0    0
   10:17.184   154296     )    0    0    0
   10:17.296   154324     (    0    0    1
   10:17.348   154337     N    0    0    1
   10:17.384   154346     )    0    0    1
   10:17.592   154398     t    0    0    0
   10:17.668   154417     )    0    0    2
   10:17.892   154473     (    0    0    0
   10:17.940   154485     p    0    0    0
   10:17.996   154499     )    0    0    0
   10:18.100   154525     (    0    0    1
   10:18.152   154538     N    0    0    1
   10:18.184   154546     )    0    0    1
   10:18.392   154598     t    0    0    0
   10:18.460   154615     )    0    0    2
   10:18.720   154680     (    0    0    0
   10:18.780   154695     p    0    0    0
   10:18.816   154704     )    0    0    0
   10:18.900   154725     (    0    0    1
   10:18.980   154745     N    0    0    1
   10:19.020   154755     )    0    0    1
   10:19.216   154804     t    0    0    0
   10:19.292   154823     )    0    0    2
   10:19.536   154884     (    0    0    0
   10:19.592   154898     p    0    0    0
   10:19.628   154907     )    0    0    0
   10:19.728   154932     (    0    0    1
   10:19.792   154948     N    0    0    1
   10:19.832   154958     )    0    0    1
   10:20.020   155005     t    0    0    0
   10:20.120   155030     )    0    0    2
   10:20.340   155085     (    0    0    0
   10:20.404   155101     p    0    0    0
   10:20.448   155112     )    0    0    0
   10:20.544   155136     (    0    0    1
   10:20.600   155150     N    0    0    1
   10:20.636   155159     )    0    0    1
   10:20.836   155209     t    0    0    0
   10:20.912   155228     )    0    0    2
   10:21.152   155288     (    0    0    0
   10:21.208   155302     p    0    0    0
   10:21.256   155314     )    0    0    0
   10:21.356   155339     (    0    0    1
   10:21.408   155352     N    0    0    1
   10:21.452   155363     )    0    0    1
   10:21.644   155411     t    0    0    0
   10:21.736   155434     )    0    0    2
   10:21.976   155494     (    0    0    0
   10:22.012   155503     p    0    0    0
   10:22.064   155516     )    0    0    0
   10:22.160   155540     (    0    0    1
   10:22.216   155554     N    0    0    1
   10:22.264   155566     )    0    0    1
   10:22.460   155615     t    0    0    0
   10:22.536   155634     )    0    0    2
   10:22.792   155698     (    0    0    0
   10:22.844   155711     p    0    0    0
   10:22.884   155721     )    0    0    0
   10:22.996   155749     (    0    0    1
   10:23.048   155762     N    0    0    1
   10:23.088   155772     )    0    0    1
   10:23.288   155822     t    0    0    0
   10:23.384   155846     )    0    0    2
   10:23.672   155918     (    0    0    0
   10:23.732   155933     p    0    0    0
   10:23.780   155945     )    0    0    0	Q
   10:23.872   155968     (    0    0    1
   10:23.928   155982     N    0    0    1
   10:23.984   155996     )    0    0    1
   10:24.172   156043     t    0    0    0
   10:24.260   156065     )    0    0    2
   10:24.520   156130     (    0    0    0
   10:24.576   156144     p    0    0    0
   10:24.624   156156     )    0    0    0
   10:24.716   156179     (    0    0    1
   10:24.772   156193     N    0    0    1
   10:24.828   156207     )    0    0    1
   10:25.012   156253     t    0    0    0
   10:25.100   156275     )    0    0    2
