   10:00.908   150227     (    0    0    0
   10:00.964   150241     p    0    0    0
   10:01.004   150251     )    0    0    0
   10:01.040   150260     (    0    0    1
   10:01.104   150276     N    0    0    1
   10:01.148   150287     )    0    0    1
   10:01.204   150301     (    0    0    2
   10:01.372   150343     t    0    0    0
   10:01.452   150363     )    0    0    2
   10:01.532   150383     u    0    0    0
   10:01.604   150401     )    0    0    3
   10:01.716   150429     (    0    0    0
   10:01.792   150448     p    0    0    0
   10:01.840   150460     )    0    0    0
   10:01.876   150469     (    0    0    1
   10:01.932   150483     N    0    0    1
   10:01.976   150494     )    0    0    1
   10:02.068   150517     (    0    0    2
   10:02.196   150549     t    0    0    0
   10:02.276   150569     )    0    0    2
   10:02.372   150593     u    0    0    0
   10:02.480   150620     )    0    0    3
   10:02.696   150674     (    0    0    0
   10:02.736   150684     p    0    0    0
   10:02.788   150697     )    0    0    0
   10:02.836   150709     (    0    0    1
   10:02.884   150721     N    0    0    1
   10:02.936   150734     )    0    0    1
   10:02.988   150747     (    0    0    2
   10:03.160   150790     t    0    0    0
   10:03.316   150829     )    0    0    2
   10:03.384   150846     u    0    0    0
   10:03.440   150860     )    0    0    3
   10:03.776   150944     (    0    0    0
   10:03.824   150956     p    0    0    0
   10:03.888   150972     )    0    0    0
   10:03.920   150980     (    0    0    1
   10:03.972   150993     N    0    0    1
   10:04.024   151006     )    0    0    1
   10:04.124   151031     (    0    0    2
   10:04.248   151062     t    0    0    0
   10:04.328   151082     )    0    0    2
   10:04.400   151100     u    0    0    0
   10:04.492   151123     )    0    0    3
   10:04.728   151182     (    0    0    0
   10:04.792   151198     p    0    0    0
   10:04.836   151209     )    0    0    0
   10:04.872   151218     (    0    0    1
   10:04.928   151232     N    0    0    1
   10:04.972   151243     )    0    0    1
   10:05.064   151266     (    0    0    2
   10:05.192   151298     t    0    0    0
   10:05.272   151318     )    0    0    2
   10:05.376   151344     u    0    0    0
   10:05.480   151370     )    0    0    3
   10:05.700   151425     (    0    0    0
   10:05.740   151435     p    0    0    0
   10:05.796   151449     )    0    0    0
   10:05.832   151458     (    0    0    1
   10:05.872   151468     N    0    0    0
   10:05.924   151481     )    0    0    1
   10:06.012   151503     (    0    0    2
   10:06.168   151542     t    0    0    0
   10:06.224   151556     )    0    0    2
   10:06.656   151664     (    0    0    0
   10:06.716   151679     p    0    0    0
   10:06.756   151689     )    0    0    0
   10:06.804   151701     (    0    0    1
   10:06.848   151712     N    0    0    1
   10:06.900   151725     )    0    0    1
   10:06.972   151743     (    0    0    2
   10:07.116   151779     t    0    0    0
   10:07.208   151802     )    0    0    2
   10:07.580   151895     (    0    0    0
   10:07.656   151914     p    0    0    0
   10:07.708   151927     )    0    0    0
   10:07.744   151936     (    0    0    1
   10:07.796   151949     N    0    0    1
   10:07.848   151962     )    0    0    1
   10:07.932   151983     (    0    0    2
   10:08.068   152017     t    0    0    0
   10:08.144   152036     )    0    0    2
   10:08.252   152063     u    0    0    0
   10:08.324   152081     )    0    0    3
   10:08.460   152115     (    0    0    0
   10:08.524   152131     p    0    0    0
   10:08.588   152147     )    0    0    0
   10:08.620   152155     (    0    0    1
   10:08.676   152169     N    0    0    1
   10:08.724   152181     )    0    0    1
   10:08.816   152204     (    0    0    2
   10:08.928   152232     t    0    0    0
   10:09.024   152256     )    0    0    2
   10:09.124   152281     u    0    0    0
   10:09.220   152305     )    0    0    3
   10:09.380   152345     (    0    0    0
   10:09.420   152355     p    0    0    0
   10:09.476   152369     )    0    0    0
   10:09.528   152382     (    0    0    1
   10:09.564   152391     N    0    0    1
   10:09.612   152403     )    0    0    1
   10:09.696   152424     (    0    0    2
   10:09.836   152459     t    0    0    0
   10:09.912   152478     )    0    0    2
   10:10.288   152572     (    0    0    0
   10:10.328   152582     p    0    0    0
   10:10.380   152595     )    0    0    0
   10:10.436   152609     (    0    0    1
   10:10.480   152620     N    0    0    1
   10:10.528   152632     )    0    0    1
   10:10.656   152664     (    0    0    2
   10:10.744   152686     t    0    0    0
   10:10.832   152708     )    0    0    2
   10:11.128   152782     (    0    0    0
   10:11.204   152801     p    0    0    0
   10:11.256   152814     )    0    0    0
   10:11.280   152820     (    0    0    1
   10:11.348   152837     N    0    0    1
   10:11.408   152852     )    0    0    1
   10:11.484   152871     (    0    0    2
   10:11.608   152902     t    0    0    0
   10:11.692   152923     )    0    0    2
   10:11.804   152951     u    0    0    0
   10:11.884   152971     )    0    0    3
   10:12.028   153007     (    0    0    0
   10:12.072   153018     p    0    0    0
   10:12.128   153032     )    0    0    0
   10:12.160   153040     (    0    0    1
   10:12.212   153053     N    0    0    1
   10:12.260   153065     )    0    0    1
   10:12.348   153087     (    0    0    2
   10:12.488   153122     t    0    0    0
   10:12.556   153139     )    0    0    2
   10:12.612   153153     (    0    0    3
   10:12.668   153167     u    0    0    0
   10:12.736   153184     )    0    0    3
   10:12.912   153228     (    0    0    0
   10:12.972   153243     p    0    0    0
   10:13.028   153257     )    0    0    0
   10:13.056   153264     (    0    0    1
   10:13.108   153277     N    0    0    1
   10:13.156   153289     )    0    0    1
   10:13.252   153313     (    0    0    2
   10:13.380   153345     t    0    0    0
   10:13.448   153362     )    0    0    2
   10:13.544   153386     u    0    0    0
   10:13.648   153412     )    0    0    3
   10:13.832   153458     (    0    0    0
   10:13.892   153473     p    0    0    0
   10:13.944   153486     )    0    0    0
   10:13.984   153496     (    0    0    1
   10:14.032   153508     N    0    0    1
   10:14.084   153521     )    0    0    1
   10:14.188   153547     (    0    0    2
   10:14.304   153576     t    0    0    0
   10:14.380   153595     )    0    0    2
   10:14.456   153614     u    0    0    0
   10:14.556   153639     )    0    0    3
   10:14.684   153671     (    0    0    0
   10:14.740   153685     p    0    0    0
   10:14.796   153699     )    0    0    0
   10:14.832   153708     (    0    0    1
   10:14.884   153721     N    0    0    1
   10:14.928   153732     )    0    0    1
   10:15.028   153757     (    0    0    2
   10:15.140   153785     t    0    0    0
   10:15.228   153807     )    0    0    2
   10:15.328   153832     u    0    0    0
   10:15.368   153842     )    0    0    3
   10:15.512   153878     (    0    0    0
   10:15.564   153891     p    0    0    0
   10:15.592   153898     )    0    0    0
   10:15.656   153914     (    0    0    1
   10:15.708   153927     N    0    0    1
   10:15.752   153938     )    0    0    1
   10:15.868   153967     (    0    0    2
   10:15.960   153990     t    0    0    0
   10:16.044   154011     )    0    0    2
   10:16.336   154084     (    0    0    0
   10:16.388   154097     p    0    0    0
   10:16.432   154108     )    0    0    0
   10:16.484   154121     (    0    0    1
   10:16.548   154137     N    0    0    1
   10:16.588   154147     )    0    0    1
   10:16.692   154173     (    0    0    2
   10:16.812   154203     t    0    0    0
   10:16.896   154224     )    0    0    2
   10:17.000   154250     u    0    0    0
   10:17.084   154271     )    0    0    3
   10:17.200   154300     (    0    0    0
   10:17.272   154318     p    0    0    0
   10:17.316   154329     )    0    0    0
   10:17.356   154339     (    0    0    1
   10:17.408   154352     N    0    0    1
   10:17.452   154363     )    0    0    1
   10:17.572   154393     (    0    0    2
   10:17.680   154420     t    0    0    0
   10:17.752   154438     )    0    0    2
   10:17.868   154467     u    0    0    0
   10:17.920   154480     )    0    0    3
   10:18.016   154504     (    0    0    0
   10:18.056   154514     p    0    0    0
   10:18.100   154525     )    0    0    0
   10:18.148   154537     (    0    0    1
   10:18.204   154551     N    0    0    1
   10:18.244   154561     )    0    0    1
   10:18.348   154587     (    0    0    2
   10:18.464   154616     t    0    0    0
   10:18.544   154636     )    0    0    2
   10:18.780   154695     (    0    0    0
   10:18.836   154709     p    0    0    0
   10:18.900   154725     )    0    0    0
   10:18.928   154732     (    0    0    1
   10:18.976   154744     N    0    0    1
   10:19.024   154756     )    0    0    1
   10:19.116   154779     (    0    0    2
   10:19.216   154804     t    0    0    0
   10:19.328   154832     )    0    0    2
   10:19.576   154894     (    0    0    0
   10:19.672   154918     p    0    0    0
   10:19.716   154929     )    0    0    0
   10:19.760   154940     (    0    0    1
   10:19.804   154951     N    0    0    1
   10:19.892   154973     )    0    0    1
   10:19.960   154990     (    0    0    2
   10:20.060   155015     t    0    0    0
   10:20.152   155038     )    0    0    2
   10:20.480   155120     (    0    0    0
   10:20.536   155134     p    0    0    0
   10:20.584   155146     )    0    0    0
   10:20.620   155155     (    0    0    1
   10:20.676   155169     N    0    0    1
   10:20.744   155186     )    0    0    1
   10:20.856   155214     (    0    0    2
   10:20.944   155236     t    0    0    0
   10:21.036   155259     )    0    0    2
   10:21.116   155279     u    0    0    0
   10:21.220   155305     )    0    0    3
   10:21.380   155345     (    0    0    0
   10:21.452   155363     p    0    0    0
   10:21.524   155381     )    0    0    0
   10:21.548   155387     (    0    0    1
   10:21.596   155399     N    0    0    1
   10:21.644   155411     )    0    0    1
   10:21.748   155437     (    0    0    2
   10:21.828   155457     t    0    0    0
   10:21.936   155484     )    0    0    2
   10:22.032   155508     u    0    0    0
   10:22.116   155529     )    0    0    3
   10:22.200   155550     (    0    0    0
   10:22.236   155559     p    0    0    0
   10:22.300   155575     )    0    0    0
   10:22.332   155583     (    0    0    1
   10:22.388   155597     N    0    0    1
   10:22.440   155610     )    0    0    1
   10:22.564   155641     (    0    0    2
   10:22.652   155663     t    0    0    0
   10:22.712   155678     )    0    0    2
   10:22.752   155688     (    0    0    3
   10:22.816   155704     u    0    0    0
   10:22.876   155719     )    0    0    3
   10:22.980   155745     (    0    0    0
   10:23.028   155757     p    0    0    0
   10:23.080   155770     )    0    0    0
   10:23.112   155778     (    0    0    1
   10:23.160   155790     N    0    0    1
   10:23.212   155803     )    0    0    1
   10:23.316   155829     (    0    0    2
   10:23.428   155857     t    0    0    0
   10:23.504   155876     )    0    0    2
   10:23.600   155900     (    0    0    3
   10:23.628   155907     u    0    0    0
   10:23.676   155919     )    0    0    3
   10:23.788   155947     (    0    0    0
   10:23.852   155963     p    0    0    0
   10:23.892   155973     )    0    0    0
   10:23.964   155991     (    0    0    1
   10:23.992   155998     N    0    0    1
   10:24.040   156010     )    0    0    1
   10:24.136   156034     (    0    0    2
   10:24.252   156063     t    0    0    0
   10:24.324   156081     )    0    0    2
   10:24.740   156185     (    0    0    0
   10:24.792   156198     p    0    0    0
   10:24.840   156210     )    0    0    0
   10:24.888   156222     (    0    0    1
   10:24.936   156234     N    0    0    1
   10:24.988   156247     )    0    0    1
   10:25.100   156275     (    0    0    2
   10:25.212   156303     t    0    0    0
   10:25.288   156322     )    0    0    2
   10:25.644   156411     (    0    0    0
   10:25.704   156426     p    0    0    0
   10:25.760   156440     )    0    0    0
   10:25.808   156452     (    0    0    1
   10:25.844   156461     N    0    0    1
   10:25.888   156472     )    0    0    1
   10:26.000   156500     (    0    0    2
   10:26.112   156528     t    0    0    0
   10:26.208   156552     )    0    0    2
   10:26.300   156575     u    0    0    0
   10:26.396   156599     )    0    0    3
   10:26.568   156642     (    0    0    0
   10:26.632   156658     p    0    0    0
   10:26.680   156670     )    0    0    0
   10:26.716   156679     (    0    0    1
   10:26.772   156693     N    0    0    1
   10:26.824   156706     )    0    0    1
   10:26.920   156730     (    0    0    2
   10:27.048   156762     t    0    0    0
   10:27.140   156785     )    0    0    2
   10:27.236   156809     u    0    0    0
   10:27.352   156838     )    0    0    3
