   10:00.664   150166     (    0    0    0
   10:00.740   150185     p    0    0    0
   10:00.804   150201     )    0    0    0
   10:00.868   150217     (    0    0    1
   10:00.920   150230     N    0    0    1
   10:00.960   150240     )    0    0    1
   10:01.080   150270     (    0    0    2
   10:01.220   150305     t    0    0    0
   10:01.316   150329     )    0    0    2
   10:01.584   150396     (    0    0    0
   10:01.620   150405     p    0    0    0
   10:01.672   150418     )    0    0    0
   10:01.760   150440     (    0    0    1
   10:01.808   150452     N    0    0    1
   10:01.848   150462     )    0    0    1
   10:02.004   150501     (    0    0    2
   10:02.104   150526     t    0    0    0
   10:02.164   150541     )    0    0    2
   10:02.440   150610     (    0    0    0
   10:02.480   150620     p    0    0    0
   10:02.512   150628     )    0    0    0
   10:02.608   150652     (    0    0    1
   10:02.660   150665     N    0    0    1
   10:02.704   150676     )    0    0    1
   10:02.820   150705     (    0    0    2
   10:02.948   150737     t    0    0    0
   10:03.040   150760     )    0    0    2
   10:03.304   150826     (    0    0    0
   10:03.328   150832     p    0    0    0
   10:03.388   150847     )    0    0    0
   10:03.456   150864     (    0    0    1	Q
   10:03.516   150879     N    0    0    1
   10:03.556   150889     )    0    0    1
   10:03.680   150920     (    0    0    2
   10:03.812   150953     t    0    0    0
   10:03.884   150971     )    0    0    2
   10:04.324   151081     (    0    0    0
   10:04.352   151088     p    0    0    0
   10:04.396   151099     )    0    0    0
   10:04.492   151123     (    0    0    1
   10:04.540   151135     N    0    0    1
   10:04.580   151145     )    0    0    1
   10:04.684   151171     (    0    0    2
   10:04.832   151208     t    0    0    0
   10:04.936   151234     )    0    0    2
   10:05.476   151369     (    0    0    0
   10:05.512   151378     p    0    0    0
   10:05.548   151387     )    0    0    0
   10:05.628   151407     (    0    0    1
   10:05.680   151420     N    0    0    1
   10:05.716   151429     )    0    0    1
   10:05.832   151458     (    0    0    2
   10:05.992   151498     t    0    0    0
   10:06.064   151516     )    0    0    2
   10:06.712   151678     (    0    0    0
   10:06.752   151688     p    0    0    0
   10:06.804   151701     )    0    0    0
   10:06.868   151717     (    0    0    1
   10:06.916   151729     N    0    0    1
   10:06.960   151740     )    0    0    1
   10:07.096   151774     (    0    0    2
   10:07.224   151806     t    0    0    0
   10:07.316   151829     )    0    0    2
   10:07.852   151963     (    0    0    0
   10:07.876   151969     p    0    0    0
   10:07.932   151983     )    0    0    0
   10:07.992   151998     (    0    0    1
   10:08.040   152010     N    0    0    1
   10:08.084   152021     )    0    0    1
   10:08.236   152059     (    0    0    2
   10:08.344   152086     t    0    0    0
   10:08.416   152104     )    0    0    2
   10:08.716   152179     (    0    0    0
   10:08.752   152188     p    0    0    0
   10:08.796   152199     )    0    0    0
   10:08.884   152221     (    0    0    1
   10:08.932   152233     N    0    0    1
   10:08.976   152244     )    0    0    1
   10:09.136   152284     (    0    0    2
   10:09.224   152306     t    0    0    0
   10:09.300   152325     )    0    0    2
   10:09.548   152387     (    0    0    0
   10:09.568   152392     p    0    0    0
   10:09.636   152409     )    0    0    0
   10:09.712   152428     (    0    0    1	Q
   10:09.756   152439     N    0    0    1
   10:09.804   152451     )    0    0    1	Q
   10:09.936   152484     (    0    0    2
   10:10.036   152509     t    0    0    0
   10:10.128   152532     )    0    0    2
   10:10.344   152586     (    0    0    0
   10:10.376   152594     p    0    0    0
   10:10.420   152605     )    0    0    0
   10:10.516   152629     (    0    0    1
   10:10.560   152640     N    0    0    1
   10:10.592   152648     )    0    0    1
   10:10.740   152685     (    0    0    2
   10:10.848   152712     t    0    0    0
   10:10.932   152733     )    0    0    2
   10:11.152   152788     (    0    0    0
   10:11.184   152796     p    0    0    0
   10:11.236   152809     )    0    0    0
   10:11.324   152831     (    0    0    1
   10:11.376   152844     N    0    0    1
   10:11.416   152854     )    0    0    1
   10:11.532   152883     (    0    0    2
   10:11.660   152915     t    0    0    0
   10:11.728   152932     )    0    0    2
   10:11.908   152977     (    0    0    0
   10:11.940   152985     p    0    0    0
   10:11.964   152991     )    0    0    0
   10:12.080   153020     (    0    0    1
   10:12.132   153033     N    0    0    1
   10:12.176   153044     )    0    0    1
   10:12.288   153072     (    0    0    2
   10:12.420   153105     t    0    0    0
   10:12.484   153121     )    0    0    2
   10:12.660   153165     (    0    0    0
   10:12.692   153173     p    0    0    0
   10:12.744   153186     )    0    0    0
   10:12.832   153208     (    0    0    1
   10:12.884   153221     N    0    0    1
   10:12.924   153231     )    0    0    1
   10:13.040   153260     (    0    0    2
   10:13.168   153292     t    0    0    0
   10:13.240   153310     )    0    0    2
   10:13.424   153356     (    0    0    0
   10:13.460   153365     p    0    0    0
   10:13.500   153375     )    0    0    0
   10:13.604   153401     (    0    0    1
   10:13.648   153412     N    0    0    1
   10:13.684   153421     )    0    0    1
   10:13.816   153454     (    0    0    2
   10:13.932   153483     t    0    0    0
   10:14.020   153505     )    0    0    2
   10:14.268   153567     (    0    0    0
   10:14.312   153578     p    0    0    0
   10:14.368   153592     )    0    0    0
   10:14.452   153613     (    0    0    1
   10:14.500   153625     N    0    0    1
   10:14.548   153637     )    0    0    1
   10:14.656   153664     (    0    0    2
   10:14.788   153697     t    0    0    0
   10:14.868   153717     )    0    0    2
   10:15.060   153765     (    0    0    0
   10:15.096   153774     p    0    0    0
   10:15.132   153783     )    0    0    0
   10:15.256   153814     (    0    0    1
   10:15.296   153824     N    0    0    1
   10:15.340   153835     )    0    0    1
   10:15.500   153875     (    0    0    2
   10:15.592   153898     t    0    0    0
   10:15.668   153917     )    0    0    2
   10:15.872   153968     (    0    0    0
   10:15.908   153977     p    0    0    0
   10:15.948   153987     )    0    0    0
   10:16.072   154018     (    0    0    1
   10:16.112   154028     N    0    0    1
   10:16.160   154040     )    0    0    1
   10:16.272   154068     (    0    0    2
   10:16.420   154105     t    0    0    0
   10:16.500   154125     )    0    0    2
   10:16.792   154198     (    0    0    0
   10:16.812   154203     p    0    0    0
   10:16.852   154213     )    0    0    0
   10:16.960   154240     (    0    0    1
   10:17.008   154252     N    0    0    1
   10:17.048   154262     )    0    0    1
   10:17.164   154291     (    0    0    2
   10:17.296   154324     t    0    0    0
   10:17.364   154341     )    0    0    2
   10:17.660   154415     (    0    0    0
   10:17.684   154421     p    0    0    0
   10:17.724   154431     )    0    0    0
   10:17.824   154456     (    0    0    1
   10:17.868   154467     N    0    0    1
   10:17.900   154475     )    0    0    1
   10:18.048   154512     (    0    0    2
   10:18.176   154544     t    0    0    0
   10:18.248   154562     )    0    0    2
   10:18.500   154625     (    0    0    0
   10:18.532   154633     p    0    0    0
   10:18.564   154641     )    0    0    0
   10:18.684   154671     (    0    0    1
   10:18.736   154684     N    0    0    1
   10:18.776   154694     )    0    0    1
   10:18.908   154727     (    0    0    2
   10:19.020   154755     t    0    0    0
   10:19.108   154777     )    0    0    2
   10:19.448   154862     (    0    0    0
   10:19.512   154878     p    0    0    0
   10:19.556   154889     )    0    0    0
   10:19.656   154914     (    0    0    1
   10:19.704   154926     N    0    0    1
   10:19.736   154934     )    0    0    1
   10:19.872   154968     (    0    0    2
   10:19.996   154999     t    0    0    0
   10:20.052   155013     )    0    0    2
   10:20.340   155085     (    0    0    0
   10:20.384   155096     p    0    0    0
   10:20.428   155107     )    0    0    0
   10:20.528   155132     (    0    0    1
   10:20.576   155144     N    0    0    1
   10:20.608   155152     )    0    0    1
   10:20.756   155189     (    0    0    2
   10:20.880   155220     t    0    0    0
   10:20.956   155239     )    0    0    2
   10:21.752   155438     (    0    0    0
   10:21.780   155445     p    0    0    0
   10:21.824   155456     )    0    0    0
   10:21.900   155475     (    0    0    1
   10:21.948   155487     N    0    0    1
   10:21.984   155496     )    0    0    1
   10:22.128   155532     (    0    0    2
   10:22.252   155563     t    0    0    0
   10:22.324   155581     )    0    0    2
   10:23.016   155754     (    0    0    0
   10:23.076   155769     p    0    0    0
   10:23.116   155779     )    0    0    0
   10:23.204   155801     (    0    0    1
   10:23.248   155812     N    0    0    1
   10:23.288   155822     )    0    0    1
   10:23.448   155862     (    0    0    2
   10:23.552   155888     t    0    0    0
   10:23.624   155906     )    0    0    2
   10:24.096   156024     (    0    0    0
   10:24.128   156032     p    0    0    0
   10:24.176   156044     )    0    0    0
   10:24.260   156065     (    0    0    1
   10:24.304   156076     N    0    0    1
   10:24.352   156088     )    0    0    1
   10:24.492   156123     (    0    0    2
   10:24.592   156148     t    0    0    0
   10:24.676   156169     )    0    0    2
   10:25.380   156345     (    0    0    0
   10:25.420   156355     p    0    0    0
   10:25.464   156366     )    0    0    0
   10:25.540   156385     (    0    0    1
   10:25.588   156397     N    0    0    1
   10:25.632   156408     )    0    0    1
   10:25.772   156443     (    0    0    2
   10:25.888   156472     t    0    0    0
   10:25.976   156494     )    0    0    2
   10:26.548   156637     (    0    0    0
   10:26.592   156648     p    0    0    0
   10:26.636   156659     )    0    0    0
   10:26.716   156679     (    0    0    1
   10:26.768   156692     N    0    0    1
   10:26.812   156703     )    0    0    1
   10:26.956   156739     (    0    0    2
   10:27.064   156766     t    0    0    0
   10:27.136   156784     )    0    0    2
   10:27.560   156890     (    0    0    0
   10:27.608   156902     p    0    0    0
   10:27.696   156924     )    0    0    0
   10:27.752   156938     (    0    0    1
   10:27.800   156950     N    0    0    1
   10:27.836   156959     )    0    0    1
   10:27.972   156993     (    0    0    2
   10:28.092   157023     t    0    0    0
   10:28.164   157041     )    0    0    2
   10:28.556   157139     (    0    0    0
   10:28.596   157149     p    0    0    0
   10:28.652   157163     )    0    0    0
   10:28.724   157181     (    0    0    1
   10:28.776   157194     N    0    0    1
   10:28.812   157203     )    0    0    1
   10:28.976   157244     (    0    0    2
   10:29.072   157268     t    0    0    0
   10:29.148   157287     )    0    0    2
