   10:00.940   150235     (    0    0    0
   10:01.004   150251     p    0    0    0
   10:01.052   150263     )    0    0    0
   10:01.144   150286     (    0    0    1
   10:01.184   150296     N    0    0    1
   10:01.224   150306     )    0    0    1
   10:01.456   150364     t    0    0    0
   10:01.544   150386     )    0    0    2
   10:01.772   150443     (    0    0    0
   10:01.864   150466     p    0    0    0
   10:01.904   150476     )    0    0    0
   10:02.020   150505     (    0    0    1
   10:02.056   150514     N    0    0    1
   10:02.088   150522     )    0    0    1
   10:02.316   150579     t    0    0    0
   10:02.424   150606     )    0    0    2
   10:02.616   150654     (    0    0    0
   10:02.696   150674     p    0    0    0
   10:02.748   150687     )    0    0    0
   10:02.840   150710     (    0    0    1
   10:02.880   150720     N    0    0    1
   10:02.916   150729     )    0    0    1
   10:03.128   150782     t    0    0    0
   10:03.224   150806     )    0    0    2
   10:03.460   150865     (    0    0    0
   10:03.524   150881     p    0    0    0
   10:03.572   150893     )    0    0    0
   10:03.672   150918     (    0    0    1
   10:03.704   150926     N    0    0    1
   10:03.720   150930     )    0    0    1
   10:03.956   150989     t    0    0    0
   10:04.064   151016     )    0    0    2
   10:04.304   151076     (    0    0    0
   10:04.376   151094     p    0    0    0
   10:04.416   151104     )    0    0    0
   10:04.516   151129     (    0    0    1
   10:04.548   151137     N    0    0    1
   10:04.588   151147     )    0    0    1
   10:04.804   151201     t    0    0    0
   10:04.912   151228     )    0    0    2
   10:05.156   151289     (    0    0    0
   10:05.212   151303     p    0    0    0
   10:05.260   151315     )    0    0    0
   10:05.356   151339     (    0    0    1
   10:05.404   151351     N    0    0    1
   10:05.440   151360     )    0    0    1
   10:05.648   151412     t    0    0    0
   10:05.752   151438     )    0    0    2
   10:05.968   151492     (    0    0    0
   10:06.020   151505     p    0    0    0
   10:06.068   151517     )    0    0    0
   10:06.176   151544     (    0    0    1
   10:06.220   151555     N    0    0    1
   10:06.260   151565     )    0    0    1
   10:06.484   151621     t    0    0    0
   10:06.568   151642     )    0    0    2
   10:06.804   151701     (    0    0    0
   10:06.876   151719     p    0    0    0
   10:06.920   151730     )    0    0    0
   10:07.016   151754     (    0    0    1
   10:07.064   151766     N    0    0    1
   10:07.108   151777     )    0    0    1
   10:07.336   151834     t    0    0    0
   10:07.424   151856     )    0    0    2
   10:07.672   151918     (    0    0    0
   10:07.744   151936     p    0    0    0
   10:07.792   151948     )    0    0    0
   10:07.892   151973     (    0    0    1
   10:07.932   151983     N    0    0    1
   10:07.968   151992     )    0    0    1
   10:08.168   152042     t    0    0    0
   10:08.272   152068     )    0    0    2
   10:08.496   152124     (    0    0    0
   10:08.568   152142     p    0    0    0
   10:08.616   152154     )    0    0    0
   10:08.724   152181     (    0    0    1
   10:08.760   152190     N    0    0    1
   10:08.796   152199     )    0    0    1
   10:09.028   152257     t    0    0    0
   10:09.132   152283     )    0    0    2
   10:09.352   152338     (    0    0    0
   10:09.416   152354     p    0    0    0
   10:09.460   152365     )    0    0    0
   10:09.568   152392     (    0    0    1
   10:09.604   152401     N    0    0    1
   10:09.640   152410     )    0    0    1
   10:09.884   152471     t    0    0    0
   10:09.952   152488     )    0    0    2
   10:10.248   152562     (    0    0    0
   10:10.308   152577     p    0    0    0
   10:10.364   152591     )    0    0    0
   10:10.456   152614     (    0    0    1
   10:10.496   152624     N    0    0    1
   10:10.524   152631     )    0    0    1
   10:10.756   152689     t    0    0    0
   10:10.832   152708     )    0    0    2
   10:11.096   152774     (    0    0    0
   10:11.152   152788     p    0    0    0
   10:11.192   152798     )    0    0    0
   10:11.308   152827     (    0    0    1
   10:11.340   152835     N    0    0    1
   10:11.376   152844     )    0    0    1
   10:11.600   152900     t    0    0    0
   10:11.676   152919     )    0    0    2
   10:11.916   152979     (    0    0    0
   10:11.972   152993     p    0    0    0
   10:12.016   153004     )    0    0    0
   10:12.128   153032     (    0    0    1
   10:12.160   153040     N    0    0    1
   10:12.204   153051     )    0    0    1
   10:12.428   153107     t    0    0    0
   10:12.516   153129     )    0    0    2
   10:12.768   153192     (    0    0    0
   10:12.840   153210     p    0    0    0
   10:12.876   153219     )    0    0    0
   10:12.988   153247     (    0    0    1
   10:13.024   153256     N    0    0    1
   10:13.072   153268     )    0    0    1
   10:13.292   153323     t    0    0    0
   10:13.392   153348     )    0    0    2
   10:13.652   153413     (    0    0    0
   10:13.724   153431     p    0    0    0
   10:13.764   153441     )    0    0    0
   10:13.872   153468     (    0    0    1
   10:13.916   153479     N    0    0    1
   10:13.956   153489     )    0    0    1
   10:14.192   153548     t    0    0    0
   10:14.276   153569     )    0    0    2
   10:14.492   153623     (    0    0    0
   10:14.568   153642     p    0    0    0
   10:14.608   153652     )    0    0    0
   10:14.708   153677     (    0    0    1
   10:14.748   153687     N    0    0    1
   10:14.796   153699     )    0    0    1
   10:15.016   153754     t    0    0    0
   10:15.100   153775     )    0    0    2
   10:15.344   153836     (    0    0    0
   10:15.416   153854     p    0    0    0
   10:15.448   153862     )    0    0    0
   10:15.556   153889     (    0    0    1
   10:15.592   153898     N    0    0    1
   10:15.640   153910     )    0    0    1
   10:15.856   153964     t    0    0    0
   10:15.948   153987     )    0    0    2
   10:16.208   154052     (    0    0    0
   10:16.268   154067     p    0    0    0
   10:16.324   154081     )    0    0    0
   10:16.408   154102     (    0    0    1
   10:16.452   154113     N    0    0    1
   10:16.496   154124     )    0    0    1
   10:16.712   154178     t    0    0    0
   10:16.804   154201     )    0    0    2
   10:17.052   154263     (    0    0    0
   10:17.128   154282     p    0    0    0
   10:17.152   154288     )    0    0    0
   10:17.276   154319     (    0    0    1
   10:17.312   154328     N    0    0    1
   10:17.352   154338     )    0    0    1
   10:17.580   154395     t    0    0    0
   10:17.660   154415     )    0    0    2
   10:17.880   154470     (    0    0    0
   10:17.960   154490     p    0    0    0
   10:17.996   154499     )    0    0    0
   10:18.104   154526     (    0    0    1
   10:18.140   154535     N    0    0    1
   10:18.192   154548     )    0    0    1
   10:18.404   154601     t    0    0    0
   10:18.512   154628     )    0    0    2
   10:18.764   154691     (    0    0    0
   10:18.836   154709     p    0    0    0
   10:18.892   154723     )    0    0    0
   10:18.976   154744     (    0    0    1
   10:19.016   154754     N    0    0    1
   10:19.060   154765     )    0    0    1
   10:19.276   154819     t    0    0    0
   10:19.352   154838     )    0    0    2
   10:19.684   154921     (    0    0    0
   10:19.752   154938     p    0    0    0
   10:19.812   154953     )    0    0    0
   10:19.896   154974     (    0    0    1
   10:19.932   154983     N    0    0    1
   10:19.964   154991     )    0    0    1
   10:20.204   155051     t    0    0    0
   10:20.324   155081     )    0    0    2
   10:20.564   155141     (    0    0    0
   10:20.612   155153     p    0    0    0
   10:20.664   155166     )    0    0    0
   10:20.768   155192     (    0    0    1
   10:20.804   155201     N    0    0    1
   10:20.856   155214     )    0    0    1
   10:21.060   155265     t    0    0    0
   10:21.168   155292     )    0    0    2
   10:21.444   155361     (    0    0    0
   10:21.508   155377     p    0    0    0
   10:21.576   155394     )    0    0    0
   10:21.652   155413     (    0    0    1
   10:21.684   155421     N    0    0    1
   10:21.728   155432     )    0    0    1
   10:21.956   155489     t    0    0    0
   10:22.028   155507     )    0    0    2
   10:22.340   155585     (    0    0    0
   10:22.416   155604     p    0    0    0
   10:22.448   155612     )    0    0    0
   10:22.556   155639     (    0    0    1
   10:22.588   155647     N    0    0    1
   10:22.628   155657     )    0    0    1
   10:22.864   155716     t    0    0    0
   10:22.940   155735     )    0    0    2
   10:23.204   155801     (    0    0    0
   10:23.276   155819     p    0    0    0
   10:23.328   155832     )    0    0    0
   10:23.412   155853     (    0    0    1
   10:23.460   155865     N    0    0    1
   10:23.496   155874     )    0    0    1
   10:23.720   155930     t    0    0    0
   10:23.832   155958     )    0    0    2
   10:24.048   156012     (    0    0    0
   10:24.116   156029     p    0    0    0
   10:24.172   156043     )    0    0    0
   10:24.252   156063     (    0    0    1
   10:24.292   156073     N    0    0    1
   10:24.332   156083     )    0    0    1
   10:24.576   156144     t    0    0    0
   10:24.648   156162     )    0    0    2
   10:24.908   156227     (    0    0    0
   10:24.968   156242     p    0    0    0
   10:25.012   156253     )    0    0    0
   10:25.108   156277     (    0    0    1
   10:25.148   156287     N    0    0    1
   10:25.192   156298     )    0    0    1
   10:25.424   156356     t    0    0    0
   10:25.516   156379     )    0    0    2
   10:25.768   156442     (    0    0    0
   10:25.844   156461     p    0    0    0
   10:25.892   156473     )    0    0    0
   10:25.972   156493     (    0    0    1
   10:26.024   156506     N    0    0    1
   10:26.076   156519     )    0    0    1
   10:26.296   156574     t    0    0    0
   10:26.388   156597     )    0    0    2
