   10:01.620   150405     (    0    0    0
   10:01.692   150423     p    0    0    0
   10:01.736   150434     )    0    0    0
   10:01.772   150443     (    0    0    1
   10:01.808   150452     N    0    0    1
   10:01.848   150462     )    0    0    1
   10:02.104   150526     t    0    0    0
   10:02.168   150542     )    0    0    2
   10:02.724   150681     (    0    0    0
   10:02.772   150693     p    0    0    0
   10:02.820   150705     )    0    0    0
   10:02.848   150712     (    0    0    1
   10:02.888   150722     N    0    0    1
   10:02.960   150740     )    0    0    1
   10:03.180   150795     t    0    0    0
   10:03.268   150817     )    0    0    2
   10:03.784   150946     (    0    0    0
   10:03.824   150956     p    0    0    0
   10:03.872   150968     )    0    0    0
   10:03.916   150979     (    0    0    1
   10:03.952   150988     N    0    0    1
   10:03.992   150998     )    0    0    1
   10:04.240   151060     t    0    0    0
   10:04.312   151078     )    0    0    2
   10:04.860   151215     (    0    0    0
   10:04.912   151228     p    0    0    0
   10:04.952   151238     )    0    0    0
   10:05.000   151250     (    0    0    1
   10:05.032   151258     N    0    0    1
   10:05.072   151268     )    0    0    1
   10:05.320   151330     t    0    0    0
   10:05.416   151354     )    0    0    2
   10:05.940   151485     (    0    0    0
   10:06.000   151500     p    0    0    0
   10:06.056   151514     )    0    0    0
   10:06.076   151519     (    0    0    1
   10:06.120   151530     N    0    0    1
   10:06.148   151537     )    0    0    1
   10:06.408   151602     t    0    0    0
   10:06.520   151630     )    0    0    2
   10:07.012   151753     (    0    0    0
   10:07.076   151769     p    0    0    0
   10:07.124   151781     )    0    0    0
   10:07.148   151787     (    0    0    1
   10:07.192   151798     N    0    0    1
   10:07.220   151805     )    0    0    1
   10:07.484   151871     t    0    0    0
   10:07.556   151889     )    0    0    2
   10:08.084   152021     (    0    0    0
   10:08.124   152031     p    0    0    0
   10:08.168   152042     )    0    0    0
   10:08.220   152055     (    0    0    1
   10:08.248   152062     N    0    0    1
   10:08.296   152074     )    0    0    1
   10:08.536   152134     t    0    0    0
   10:08.608   152152     )    0    0    2
   10:09.136   152284     (    0    0    0
   10:09.200   152300     p    0    0    0
   10:09.244   152311     )    0    0    0
   10:09.280   152320     (    0    0    1
   10:09.312   152328     N    0    0    1
   10:09.344   152336     )    0    0    1
   10:09.616   152404     t    0    0    0
   10:09.680   152420     )    0    0    2
   10:10.220   152555     (    0    0    0
   10:10.276   152569     p    0    0    0
   10:10.332   152583     )    0    0    0
   10:10.360   152590     (    0    0    1
   10:10.388   152597     N    0    0    1
   10:10.428   152607     )    0    0    1
   10:10.676   152669     t    0    0    0
   10:10.764   152691     )    0    0    2
   10:11.272   152818     (    0    0    0
   10:11.316   152829     p    0    0    0
   10:11.372   152843     )    0    0    0
   10:11.420   152855     (    0    0    1
   10:11.444   152861     N    0    0    1
   10:11.488   152872     )    0    0    1
   10:11.740   152935     t    0    0    0
   10:11.820   152955     )    0    0    2
   10:12.320   153080     (    0    0    0
   10:12.388   153097     p    0    0    0
   10:12.428   153107     )    0    0    0
   10:12.452   153113     (    0    0    1
   10:12.488   153122     N    0    0    1
   10:12.528   153132     )    0    0    1
   10:12.784   153196     t    0    0    0
   10:12.852   153213     )    0    0    2
   10:13.392   153348     (    0    0    0
   10:13.432   153358     p    0    0    0
   10:13.484   153371     )    0    0    0
   10:13.516   153379     (    0    0    1
   10:13.548   153387     N    0    0    1
   10:13.592   153398     )    0    0    1
   10:13.844   153461     t    0    0    0
   10:13.932   153483     )    0    0    2
   10:14.440   153610     (    0    0    0
   10:14.500   153625     p    0    0    0
   10:14.540   153635     )    0    0    0
   10:14.580   153645     (    0    0    1
   10:14.616   153654     N    0    0    1
   10:14.664   153666     )    0    0    1
   10:14.912   153728     t    0    0    0
   10:14.996   153749     )    0    0    2
   10:15.492   153873     (    0    0    0
   10:15.548   153887     p    0    0    0
   10:15.592   153898     )    0    0    0
   10:15.624   153906     (    0    0    1
   10:15.668   153917     N    0    0    1
   10:15.700   153925     )    0    0    1
   10:15.964   153991     t    0    0    0
   10:16.040   154010     )    0    0    2
   10:16.556   154139     (    0    0    0
   10:16.620   154155     p    0    0    0
   10:16.660   154165     )    0    0    0
   10:16.696   154174     (    0    0    1
   10:16.728   154182     N    0    0    1
   10:16.768   154192     )    0    0    1
   10:17.020   154255     t    0    0    0
   10:17.096   154274     )    0    0    2
   10:17.620   154405     (    0    0    0
   10:17.676   154419     p    0    0    0
   10:17.720   154430     )    0    0    0
   10:17.756   154439     (    0    0    1
   10:17.800   154450     N    0    0    1
   10:17.832   154458     )    0    0    1
   10:18.088   154522     t    0    0    0
   10:18.168   154542     )    0    0    2
   10:18.732   154683     (    0    0    0
   10:18.772   154693     p    0    0    0
   10:18.816   154704     )    0    0    0
   10:18.844   154711     (    0    0    1
   10:18.892   154723     N    0    0    1
   10:18.932   154733     )    0    0    1
   10:19.180   154795     t    0    0    0
   10:19.252   154813     )    0    0    2
   10:19.788   154947     (    0    0    0
   10:19.832   154958     p    0    0    0
   10:19.880   154970     )    0    0    0
   10:19.912   154978     (    0    0    1
   10:19.960   154990     N    0    0    1
   10:20.000   155000     )    0    0    1	Q
   10:20.252   155063     t    0    0    0
   10:20.324   155081     )    0    0    2
   10:20.848   155212     (    0    0    0
   10:20.904   155226     p    0    0    0
   10:20.952   155238     )    0    0    0
   10:20.972   155243     (    0    0    1
   10:21.028   155257     N    0    0    0
   10:21.068   155267     )    0    0    1
   10:21.324   155331     t    0    0    0
   10:21.408   155352     )    0    0    2
   10:21.940   155485     (    0    0    0
   10:21.996   155499     p    0    0    0
   10:22.040   155510     )    0    0    0
   10:22.072   155518     (    0    0    1
   10:22.116   155529     N    0    0    1
   10:22.156   155539     )    0    0    1
   10:22.412   155603     t    0    0    0
   10:22.496   155624     )    0    0    2
   10:23.016   155754     (    0    0    0
   10:23.068   155767     p    0    0    0
   10:23.112   155778     )    0    0    0
   10:23.140   155785     (    0    0    1
   10:23.192   155798     N    0    0    1
   10:23.220   155805     )    0    0    1
   10:23.508   155877     t    0    0    0
   10:23.556   155889     )    0    0    2
   10:24.084   156021     (    0    0    0
   10:24.136   156034     p    0    0    0
   10:24.176   156044     )    0    0    0
   10:24.212   156053     (    0    0    1
   10:24.248   156062     N    0    0    1
   10:24.288   156072     )    0    0    1
   10:24.540   156135     t    0    0    0
   10:24.628   156157     )    0    0    2
   10:25.144   156286     (    0    0    0
   10:25.212   156303     p    0    0    0
   10:25.248   156312     )    0    0    0
   10:25.276   156319     (    0    0    1	Q
   10:25.320   156330     N    0    0    1
   10:25.360   156340     )    0    0    1
   10:25.608   156402     t    0    0    0
   10:25.692   156423     )    0    0    2
   10:26.228   156557     (    0    0    0
   10:26.280   156570     p    0    0    0
   10:26.332   156583     )    0    0    0
   10:26.368   156592     (    0    0    1
   10:26.404   156601     N    0    0    1
   10:26.440   156610     )    0    0    1
   10:26.692   156673     t    0    0    0
   10:26.760   156690     )    0    0    2
   10:27.260   156815     (    0    0    0
   10:27.324   156831     p    0    0    0
   10:27.352   156838     )    0    0    0
   10:27.392   156848     (    0    0    1
   10:27.436   156859     N    0    0    1
   10:27.476   156869     )    0    0    1
   10:27.724   156931     t    0    0    0
   10:27.808   156952     )    0    0    2
   10:28.324   157081     (    0    0    0
   10:28.372   157093     p    0    0    0
   10:28.412   157103     )    0    0    0
   10:28.448   157112     (    0    0    1
   10:28.484   157121     N    0    0    1
   10:28.524   157131     )    0    0    1
   10:28.772   157193     t    0    0    0
   10:28.860   157215     )    0    0    2
   10:29.356   157339     (    0    0    0
   10:29.412   157353     p    0    0    0
   10:29.468   157367     )    0    0    0
   10:29.508   157377     (    0    0    1
   10:29.532   157383     N    0    0    1
   10:29.576   157394     )    0    0    1
   10:29.828   157457     t    0    0    0
   10:29.904   157476     )    0    0    2
   10:30.420   157605     (    0    0    0
   10:30.484   157621     p    0    0    0
   10:30.536   157634     )    0    0    0
   10:30.560   157640     (    0    0    1
   10:30.592   157648     N    0    0    1
   10:30.652   157663     )    0    0    1
   10:30.888   157722     t    0    0    0
   10:30.984   157746     )    0    0    2
   10:31.472   157868     (    0    0    0
   10:31.520   157880     p    0    0    0
   10:31.568   157892     )    0    0    0
   10:31.596   157899     (    0    0    1
   10:31.640   157910     N    0    0    1
   10:31.688   157922     )    0    0    1
   10:31.932   157983     t    0    0    0
   10:32.000   158000     )    0    0    2
   10:32.564   158141     (    0    0    0
   10:32.600   158150     p    0    0    0
   10:32.640   158160     )    0    0    0
   10:32.680   158170     (    0    0    1
   10:32.712   158178     N    0    0    1
   10:32.752   158188     )    0    0    1
   10:33.004   158251     t    0    0    0
   10:33.108   158277     )    0    0    2
