   10:01.208   150302     (    0    0    0
   10:01.264   150316     p    0    0    0
   10:01.324   150331     )    0    0    0
   10:01.416   150354     (    0    0    1
   10:01.480   150370     N    0    0    1
   10:01.504   150376     )    0    0    1
   10:01.588   150397     (    0    0    2
   10:01.768   150442     t    0    0    0
   10:01.840   150460     )    0    0    2
   10:02.152   150538     (    0    0    0
   10:02.208   150552     p    0    0    0
   10:02.252   150563     )    0    0    0
   10:02.360   150590     (    0    0    1
   10:02.420   150605     N    0    0    1
   10:02.440   150610     )    0    0    1
   10:02.544   150636     (    0    0    2
   10:02.708   150677     t    0    0    0
   10:02.788   150697     )    0    0    2
   10:03.164   150791     (    0    0    0
   10:03.212   150803     p    0    0    0
   10:03.260   150815     )    0    0    0
   10:03.356   150839     (    0    0    1
   10:03.416   150854     N    0    0    1
   10:03.440   150860     )    0    0    1
   10:03.588   150897     (    0    0    2
   10:03.700   150925     t    0    0    0
   10:03.784   150946     )    0    0    2
   10:04.176   151044     (    0    0    0
   10:04.240   151060     p    0    0    0
   10:04.288   151072     )    0    0    0
   10:04.384   151096     (    0    0    1
   10:04.440   151110     N    0    0    1
   10:04.456   151114     )    0    0    1
   10:04.540   151135     (    0    0    2
   10:04.724   151181     t    0    0    0
   10:04.796   151199     )    0    0    2
   10:05.212   151303     (    0    0    0
   10:05.260   151315     p    0    0    0
   10:05.328   151332     )    0    0    0
   10:05.396   151349     (    0    0    1
   10:05.452   151363     N    0    0    1
   10:05.472   151368     )    0    0    1
   10:05.552   151388     (    0    0    2
   10:05.736   151434     t    0    0    0
   10:05.796   151449     )    0    0    2
   10:06.156   151539     (    0    0    0
   10:06.212   151553     p    0    0    0
   10:06.260   151565     )    0    0    0
   10:06.340   151585     (    0    0    1
   10:06.404   151601     N    0    0    1
   10:06.432   151608     )    0    0    1
   10:06.496   151624     (    0    0    2
   10:06.692   151673     t    0    0    0
   10:06.768   151692     )    0    0    2
   10:07.064   151766     (    0    0    0
   10:07.124   151781     p    0    0    0
   10:07.168   151792     )    0    0    0
   10:07.244   151811     (    0    0    1
   10:07.304   151826     N    0    0    1
   10:07.328   151832     )    0    0    1
   10:07.416   151854     (    0    0    2
   10:07.592   151898     t    0    0    0
   10:07.676   151919     )    0    0    2
   10:08.004   152001     (    0    0    0
   10:08.056   152014     p    0    0    0
   10:08.112   152028     )    0    0    0
   10:08.200   152050     (    0    0    1
   10:08.256   152064     N    0    0    1
   10:08.276   152069     )    0    0    1
   10:08.384   152096     (    0    0    2
   10:08.536   152134     t    0    0    0
   10:08.612   152153     )    0    0    2
   10:08.992   152248     (    0    0    0
   10:09.044   152261     p    0    0    0
   10:09.100   152275     )    0    0    0
   10:09.188   152297     (    0    0    1
   10:09.244   152311     N    0    0    1
   10:09.276   152319     )    0    0    1
   10:09.364   152341     (    0    0    2
   10:09.536   152384     t    0    0    0
   10:09.612   152403     )    0    0    2
   10:09.932   152483     (    0    0    0
   10:09.992   152498     p    0    0    0
   10:10.028   152507     )    0    0    0
   10:10.148   152537     (    0    0    1
   10:10.192   152548     N    0    0    1
   10:10.224   152556     )    0    0    1
   10:10.316   152579     (    0    0    2
   10:10.476   152619     t    0    0    0
   10:10.548   152637     )    0    0    2
   10:10.844   152711     (    0    0    0
   10:10.900   152725     p    0    0    0
   10:10.944   152736     )    0    0    0
   10:11.040   152760     (    0    0    1
   10:11.100   152775     N    0    0    1
   10:11.120   152780     )    0    0    1
   10:11.220   152805     (    0    0    2
   10:11.380   152845     t    0    0    0
   10:11.452   152863     )    0    0    2
   10:11.832   152958     (    0    0    0
   10:11.880   152970     p    0    0    0
   10:11.940   152985     )    0    0    0
   10:12.048   153012     (    0    0    1
   10:12.084   153021     N    0    0    1
   10:12.108   153027     )    0    0    1
   10:12.184   153046     (    0    0    2
   10:12.368   153092     t    0    0    0
   10:12.432   153108     )    0    0    2
   10:12.856   153214     (    0    0    0
   10:12.916   153229     p    0    0    0
   10:12.956   153239     )    0    0    0
   10:13.052   153263     (    0    0    1
   10:13.120   153280     N    0    0    1
   10:13.140   153285     )    0    0    1
   10:13.244   153311     (    0    0    2
   10:13.404   153351     t    0    0    0
   10:13.488   153372     )    0    0    2
   10:13.876   153469     (    0    0    0
   10:13.920   153480     p    0    0    0
   10:13.972   153493     )    0    0    0
   10:14.076   153519     (    0    0    1
   10:14.132   153533     N    0    0    1
   10:14.152   153538     )    0    0    1
   10:14.332   153583     (    0    0    2
   10:14.416   153604     t    0    0    0
   10:14.496   153624     )    0    0    2
   10:14.840   153710     (    0    0    0
   10:14.888   153722     p    0    0    0
   10:14.928   153732     )    0    0    0
   10:15.040   153760     (    0    0    1
   10:15.088   153772     N    0    0    1
   10:15.104   153776     )    0    0    1
   10:15.212   153803     (    0    0    2
   10:15.380   153845     t    0    0    0
   10:15.460   153865     )    0    0    2
   10:15.852   153963     (    0    0    0
   10:15.912   153978     p    0    0    0
   10:15.996   153999     )    0    0    0
   10:16.044   154011     (    0    0    1
   10:16.108   154027     N    0    0    1
   10:16.132   154033     )    0    0    1
   10:16.244   154061     (    0    0    2
   10:16.392   154098     t    0    0    0
   10:16.476   154119     )    0    0    2
   10:16.860   154215     (    0    0    0
   10:16.928   154232     p    0    0    0
   10:16.984   154246     )    0    0    0
   10:17.072   154268     (    0    0    1
   10:17.128   154282     N    0    0    1
   10:17.140   154285     )    0    0    1
   10:17.236   154309     (    0    0    2
   10:17.408   154352     t    0    0    0
   10:17.492   154373     )    0    0    2
   10:17.840   154460     (    0    0    0
   10:17.884   154471     p    0    0    0
   10:17.940   154485     )    0    0    0
   10:18.024   154506     (    0    0    1
   10:18.084   154521     N    0    0    1
   10:18.104   154526     )    0    0    1
   10:18.196   154549     (    0    0    2
   10:18.368   154592     t    0    0    0
   10:18.444   154611     )    0    0    2
   10:18.796   154699     (    0    0    0
   10:18.840   154710     p    0    0    0
   10:18.892   154723     )    0    0    0
   10:18.968   154742     (    0    0    1
   10:19.032   154758     N    0    0    1
   10:19.044   154761     )    0    0    1
   10:19.152   154788     (    0    0    2
   10:19.312   154828     t    0    0    0
   10:19.404   154851     )    0    0    2
   10:19.752   154938     (    0    0    0
   10:19.816   154954     p    0    0    0
   10:19.856   154964     )    0    0    0
   10:19.944   154986     (    0    0    1
   10:20.004   155001     N    0    0    1
   10:20.028   155007     )    0    0    1
   10:20.136   155034     (    0    0    2
   10:20.292   155073     t    0    0    0
   10:20.368   155092     )    0    0    2
   10:20.720   155180     (    0    0    0
   10:20.772   155193     p    0    0    0
   10:20.832   155208     )    0    0    0
   10:20.904   155226     (    0    0    1
   10:20.964   155241     N    0    0    1
   10:21.024   155256     )    0    0    1
   10:21.080   155270     (    0    0    2
   10:21.260   155315     t    0    0    0
   10:21.324   155331     )    0    0    2
   10:21.624   155406     (    0    0    0
   10:21.680   155420     p    0    0    0
   10:21.720   155430     )    0    0    0
   10:21.820   155455     (    0    0    1
   10:21.884   155471     N    0    0    1
   10:21.916   155479     )    0    0    1
   10:22.012   155503     (    0    0    2
   10:22.168   155542     t    0    0    0
   10:22.240   155560     )    0    0    2
   10:22.536   155634     (    0    0    0
   10:22.600   155650     p    0    0    0
   10:22.640   155660     )    0    0    0
   10:22.724   155681     (    0    0    1
   10:22.792   155698     N    0    0    1
   10:22.804   155701     )    0    0    1
   10:22.876   155719     (    0    0    2
   10:23.068   155767     t    0    0    0
   10:23.148   155787     )    0    0    2
   10:23.468   155867     (    0    0    0
   10:23.520   155880     p    0    0    0
   10:23.572   155893     )    0    0    0
   10:23.672   155918     (    0    0    1
   10:23.736   155934     N    0    0    1
   10:23.768   155942     )    0    0    1
   10:23.844   155961     (    0    0    2
   10:24.028   156007     t    0    0    0
   10:24.104   156026     )    0    0    2
   10:24.440   156110     (    0    0    0
   10:24.496   156124     p    0    0    0
   10:24.540   156135     )    0    0    0
   10:24.668   156167     (    0    0    1
   10:24.716   156179     N    0    0    1
   10:24.752   156188     )    0    0    1
   10:24.888   156222     (    0    0    2
   10:25.004   156251     t    0    0    0
   10:25.076   156269     )    0    0    2
   10:25.424   156356     (    0    0    0
   10:25.460   156365     p    0    0    0
   10:25.508   156377     )    0    0    0
   10:25.604   156401     (    0    0    1
   10:25.680   156420     N    0    0    1
   10:25.700   156425     )    0    0    1
   10:25.808   156452     (    0    0    2
   10:25.964   156491     t    0    0    0
   10:26.044   156511     )    0    0    2
   10:26.356   156589     (    0    0    0
   10:26.400   156600     p    0    0    0
   10:26.436   156609     )    0    0    0
   10:26.544   156636     (    0    0    1
   10:26.604   156651     N    0    0    1
   10:26.624   156656     )    0    0    1
   10:26.728   156682     (    0    0    2
   10:26.900   156725     t    0    0    0
   10:26.980   156745     )    0    0    2
   10:27.360   156840     (    0    0    0
   10:27.408   156852     p    0    0    0
   10:27.452   156863     )    0    0    0
   10:27.548   156887     (    0    0    1
   10:27.616   156904     N    0    0    1
   10:27.652   156913     )    0    0    1
   10:27.744   156936     (    0    0    2
   10:27.884   156971     t    0    0    0
   10:27.960   156990     )    0    0    2
   10:28.348   157087     (    0    0    0
   10:28.384   157096     p    0    0    0
   10:28.428   157107     )    0    0    0
   10:28.520   157130     (    0    0    1
   10:28.588   157147     N    0    0    1
   10:28.600   157150     )    0    0    1
   10:28.728   157182     (    0    0    2
   10:28.876   157219     t    0    0    0
   10:28.944   157236     )    0    0    2
   10:29.320   157330     (    0    0    0
   10:29.368   157342     p    0    0    0
   10:29.420   157355     )    0    0    0
   10:29.512   157378     (    0    0    1
   10:29.572   157393     N    0    0    1
   10:29.592   157398     )    0    0    1
   10:29.684   157421     (    0    0    2
   10:29.860   157465     t    0    0    0
   10:29.972   157493     )    0    0    2
