   10:01.532   150383     (    0    0    0
   10:01.576   150394     p    0    0    0
   10:01.600   150400     )    0    0    0
   10:01.664   150416     (    0    0    1
   10:01.740   150435     N    0    0    1
   10:01.756   150439     )    0    0    1
   10:01.992   150498     t    0    0    0
   10:02.096   150524     )    0    0    2
   10:02.328   150582     (    0    0    0
   10:02.368   150592     p    0    0    0
   10:02.424   150606     )    0    0    0
   10:02.452   150613     (    0    0    1
   10:02.532   150633     N    0    0    1
   10:02.560   150640     )    0    0    1
   10:02.788   150697     t    0    0    0
   10:02.860   150715     )    0    0    2
   10:03.036   150759     (    0    0    0
   10:03.088   150772     p    0    0    0
   10:03.148   150787     )    0    0    0
   10:03.184   150796     (    0    0    1
   10:03.248   150812     N    0    0    1
   10:03.308   150827     )    0    0    1
   10:03.504   150876     t    0    0    0
   10:03.580   150895     )    0    0    2
   10:03.724   150931     (    0    0    0
   10:03.760   150940     p    0    0    0
   10:03.804   150951     )    0    0    0
   10:03.860   150965     (    0    0    1
   10:03.936   150984     N    0    0    1
   10:03.964   150991     )    0    0    1
   10:04.192   151048     t    0    0    0
   10:04.252   151063     )    0    0    2
   10:04.404   151101     (    0    0    0
   10:04.444   151111     p    0    0    0
   10:04.516   151129     )    0    0    0
   10:04.548   151137     (    0    0    1
   10:04.620   151155     N    0    0    1
   10:04.648   151162     )    0    0    1
   10:04.860   151215     t    0    0    0
   10:04.928   151232     )    0    0    2
   10:05.100   151275     (    0    0    0
   10:05.132   151283     p    0    0    0
   10:05.188   151297     )    0    0    0
   10:05.248   151312     (    0    0    1
   10:05.308   151327     N    0    0    1
   10:05.340   151335     )    0    0    1
   10:05.592   151398     t    0    0    0
   10:05.656   151414     )    0    0    2
   10:05.776   151444     (    0    0    0
   10:05.832   151458     p    0    0    0
   10:05.892   151473     )    0    0    0
   10:05.940   151485     (    0    0    1
   10:06.000   151500     N    0    0    1
   10:06.036   151509     )    0    0    1
   10:06.256   151564     t    0    0    0
   10:06.316   151579     )    0    0    2
   10:06.488   151622     (    0    0    0
   10:06.532   151633     p    0    0    0
   10:06.596   151649     )    0    0    0
   10:06.624   151656     (    0    0    1
   10:06.692   151673     N    0    0    1
   10:06.752   151688     )    0    0    1
   10:06.944   151736     t    0    0    0
   10:07.012   151753     )    0    0    2
   10:07.220   151805     (    0    0    0
   10:07.260   151815     p    0    0    0
   10:07.328   151832     )    0    0    0
   10:07.360   151840     (    0    0    1
   10:07.436   151859     N    0    0    1
   10:07.464   151866     )    0    0    1
   10:07.708   151927     t    0    0    0
   10:07.768   151942     )    0    0    2
   10:08.004   152001     (    0    0    0
   10:08.052   152013     p    0    0    0
   10:08.108   152027     )    0    0    0
   10:08.136   152034     (    0    0    1
   10:08.216   152054     N    0    0    1
   10:08.236   152059     )    0    0    1
   10:08.484   152121     t    0    0    0
   10:08.552   152138     )    0    0    2
   10:08.756   152189     (    0    0    0
   10:08.816   152204     p    0    0    0
   10:08.864   152216     )    0    0    0
   10:08.896   152224     (    0    0    1
   10:08.972   152243     N    0    0    1
   10:08.996   152249     )    0    0    1
   10:09.240   152310     t    0    0    0
   10:09.312   152328     )    0    0    2
   10:09.480   152370     (    0    0    0
   10:09.548   152387     p    0    0    0
   10:09.608   152402     )    0    0    0
   10:09.640   152410     (    0    0    1
   10:09.712   152428     N    0    0    1
   10:09.740   152435     )    0    0    1
   10:09.980   152495     t    0    0    0
   10:10.064   152516     )    0    0    2
   10:10.288   152572     (    0    0    0
   10:10.324   152581     p    0    0    0
   10:10.392   152598     )    0    0    0
   10:10.420   152605     (    0    0    1
   10:10.492   152623     N    0    0    1
   10:10.532   152633     )    0    0    1
   10:10.772   152693     t    0    0    0
   10:10.816   152704     )    0    0    2
   10:11.072   152768     (    0    0    0
   10:11.108   152777     p    0    0    0
   10:11.168   152792     )    0    0    0
   10:11.200   152800     (    0    0    1
   10:11.276   152819     N    0    0    1
   10:11.308   152827     )    0    0    1
   10:11.528   152882     t    0    0    0
   10:11.620   152905     )    0    0    2
   10:11.788   152947     (    0    0    0
   10:11.840   152960     p    0    0    0
   10:11.916   152979     )    0    0    0
   10:11.944   152986     (    0    0    1
   10:12.012   153003     N    0    0    1
   10:12.048   153012     )    0    0    1
   10:12.264   153066     t    0    0    0
   10:12.336   153084     )    0    0    2
   10:12.500   153125     (    0    0    0
   10:12.556   153139     p    0    0    0
   10:12.632   153158     )    0    0    0
   10:12.660   153165     (    0    0    1
   10:12.724   153181     N    0    0    1
   10:12.748   153187     )    0    0    1
   10:12.992   153248     t    0    0    0
   10:13.068   153267     )    0    0    2
   10:13.232   153308     (    0    0    0
   10:13.280   153320     p    0    0    0
   10:13.344   153336     )    0    0    0
   10:13.372   153343     (    0    0    1
   10:13.448   153362     N    0    0    1
   10:13.484   153371     )    0    0    1
   10:13.712   153428     t    0    0    0
   10:13.748   153437     )    0    0    2
   10:13.952   153488     (    0    0    0
   10:13.988   153497     p    0    0    0
   10:14.064   153516     )    0    0    0
   10:14.100   153525     (    0    0    1
   10:14.168   153542     N    0    0    1
   10:14.200   153550     )    0    0    1
   10:14.424   153606     t    0    0    0
   10:14.508   153627     )    0    0    2
   10:14.680   153670     (    0    0    0
   10:14.724   153681     p    0    0    0
   10:14.780   153695     )    0    0    0
   10:14.820   153705     (    0    0    1
   10:14.892   153723     N    0    0    1
   10:14.928   153732     )    0    0    1
   10:15.136   153784     t    0    0    0
   10:15.212   153803     )    0    0    2
   10:15.404   153851     (    0    0    0
   10:15.436   153859     p    0    0    0
   10:15.512   153878     )    0    0    0
   10:15.552   153888     (    0    0    1
   10:15.612   153903     N    0    0    1
   10:15.644   153911     )    0    0    1
   10:15.872   153968     t    0    0    0
   10:15.976   153994     )    0    0    2
   10:16.112   154028     (    0    0    0
   10:16.152   154038     p    0    0    0
   10:16.232   154058     )    0    0    0
   10:16.268   154067     (    0    0    1
   10:16.336   154084     N    0    0    1
   10:16.364   154091     )    0    0    1
   10:16.616   154154     t    0    0    0
   10:16.708   154177     )    0    0    2
   10:16.860   154215     (    0    0    0
   10:16.920   154230     p    0    0    0
   10:16.984   154246     )    0    0    0
   10:17.020   154255     (    0    0    1
   10:17.084   154271     N    0    0    1
   10:17.112   154278     )    0    0    1
   10:17.340   154335     t    0    0    0
   10:17.428   154357     )    0    0    2
   10:17.616   154404     (    0    0    0
   10:17.672   154418     p    0    0    0
   10:17.732   154433     )    0    0    0
   10:17.772   154443     (    0    0    1
   10:17.832   154458     N    0    0    1
   10:17.860   154465     )    0    0    1
   10:18.084   154521     t    0    0    0
   10:18.168   154542     )    0    0    2
   10:18.312   154578     (    0    0    0
   10:18.384   154596     p    0    0    0
   10:18.460   154615     )    0    0    0
   10:18.488   154622     (    0    0    1
   10:18.552   154638     N    0    0    1
   10:18.572   154643     )    0    0    1
   10:18.820   154705     t    0    0    0
   10:18.896   154724     )    0    0    2
   10:19.060   154765     (    0    0    0
   10:19.116   154779     p    0    0    0
   10:19.188   154797     )    0    0    0
   10:19.220   154805     (    0    0    1
   10:19.284   154821     N    0    0    1
   10:19.308   154827     )    0    0    1
   10:19.552   154888     t    0    0    0
   10:19.624   154906     )    0    0    2
   10:19.840   154960     (    0    0    0
   10:19.884   154971     p    0    0    0
   10:19.952   154988     )    0    0    0
   10:19.988   154997     (    0    0    1
   10:20.052   155013     N    0    0    1
   10:20.080   155020     )    0    0    1
   10:20.316   155079     t    0    0    0
   10:20.416   155104     )    0    0    2
   10:20.612   155153     (    0    0    0
   10:20.660   155165     p    0    0    0
   10:20.740   155185     )    0    0    0
   10:20.752   155188     (    0    0    1
   10:20.824   155206     N    0    0    1
   10:20.848   155212     )    0    0    1
   10:21.076   155269     t    0    0    0
   10:21.168   155292     )    0    0    2
   10:21.352   155338     (    0    0    0
   10:21.392   155348     p    0    0    0
   10:21.464   155366     )    0    0    0
   10:21.504   155376     (    0    0    1
   10:21.572   155393     N    0    0    1
   10:21.608   155402     )    0    0    1
   10:21.820   155455     t    0    0    0
   10:21.916   155479     )    0    0    2
   10:22.072   155518     (    0    0    0
   10:22.132   155533     p    0    0    0
   10:22.188   155547     )    0    0    0
   10:22.236   155559     (    0    0    1
   10:22.300   155575     N    0    0    1
   10:22.336   155584     )    0    0    1
   10:22.560   155640     t    0    0    0
   10:22.648   155662     )    0    0    2
   10:22.840   155710     (    0    0    0
   10:22.892   155723     p    0    0    0
   10:22.956   155739     )    0    0    0
   10:22.992   155748     (    0    0    1
   10:23.056   155764     N    0    0    1
   10:23.084   155771     )    0    0    1
   10:23.316   155829     t    0    0    0
   10:23.388   155847     )    0    0    2
